0.0135385
0.011918
0.0124267
0.0120727
0.0121086
0.0117669
0.0115661
0.011137
0.0107463
0.0101997
0.00963841
0.0089762
0.00825693
0.00744546
0.00656822
0.00566724
0.00468425
0.00364645
0.00251333
0.00139672
0.000222594
-0.000859306
-0.00193317
-0.00302195
-0.004296
-0.00561588
-0.00710101
-0.00872553
-0.0102504
-0.0113183
-0.0124901
-0.0137675
-0.0151752
-0.0169613
-0.0191457
-0.0206111
-0.0210981
-0.0203313
-0.0188808
-0.0176403
-0.0188235
-0.0213876
-0.0233943
-0.0242582
-0.0238632
-0.0226881
-0.0206311
-0.0188805
-0.0205794
-0.0237093
-0.0261437
-0.0254841
-0.0213749
-0.0191808
-0.0209009
-0.020314
-0.0185173
-0.0193931
-0.0203028
-0.0169932
-0.011889
-0.012151
-0.018526
-0.0268661
-0.0327439
-0.0281042
-0.0191715
-0.016228
-0.0187942
-0.0318309
-0.0525652
-0.054241
-0.0338481
-0.0115328
0.00726293
0.0174373
0.00987632
-0.00776431
-0.0356835
-0.0486202
-0.0192153
0.0261653
0.0431953
0.0115702
-0.0349119
-0.0690433
-0.0845908
-0.0864593
-0.0834963
-0.0607674
-0.0164147
0.0147615
0.0325417
0.0421012
0.0352112
0.0116157
-0.0208765
-0.053733
-0.0722046
-0.0443426
0.00781379
0.0541929
0.0814147
0.052784
-0.0115094
-0.0553834
-0.0252305
0.059375
0.139535
0.218046
0.265975
0.217603
0.124346
0.0489234
-0.0216376
-0.054092
-0.0181759
0.0166429
0.00877472
0.00563057
0.0471642
0.0530166
-0.0241263
-0.111635
-0.142123
-0.0641665
0.0611544
0.1445
0.133038
0.0822417
0.0881779
0.125939
0.111169
0.0582057
-5.34718e-05
-0.0301467
-0.0347089
-0.0264278
0.01576
0.0996446
0.133744
0.0922443
0.106971
0.182256
0.202963
0.152392
0.13584
0.178975
0.225472
0.21371
0.142311
0.072013
0.0359634
0.0232877
0.0159644
0.0535801
0.128436
0.190648
0.222947
0.215497
0.197975
0.186335
0.162785
0.141429
0.136294
0.128063
0.091579
0.0816344
0.142052
0.22321
0.28637
0.229232
0.0134122
-0.212579
-0.404981
-0.47918
-0.350793
-0.172002
-0.0353121
0.0987147
0.136578
0.00321625
-0.15654
-0.280578
-0.411035
-0.558861
-0.700218
-0.814728
-0.793301
-0.645717
-0.507385
-0.406706
-0.355788
-0.306207
-0.191006
-0.10884
-0.101432
-0.0267687
0.0478985
-0.0756096
-0.273902
-0.278505
-0.0838889
0.0974067
0.208698
0.149833
-0.0558282
-0.229272
-0.162462
0.128455
0.40507
0.641834
0.718651
0.471402
0.131536
-0.102477
-0.116812
0.00218876
0.0413694
0.00251431
-0.0901284
-0.22165
-0.262512
-0.182011
-0.193785
-0.353498
-0.474375
-0.396365
-0.222206
-0.0860374
0.0398761
0.190091
0.302297
0.256868
0.11787
0.0633167
0.144079
0.234502
0.241493
0.252204
0.350862
0.442976
0.384374
0.222467
0.0863267
-0.0364498
-0.175746
-0.319088
-0.369881
-0.255632
-0.100616
0.0213642
0.1312
0.187027
0.17888
0.153088
0.0674175
-0.0485994
-0.0371458
0.0511537
0.0626068
-0.00583057
-0.0197624
0.0583368
0.107981
0.0874942
0.106448
0.146627
0.124851
0.101896
0.109682
0.000122736
-0.212009
-0.393424
-0.418858
-0.287925
-0.155287
-0.0501479
0.0674052
0.171837
0.113923
-0.0214097
0.0840742
0.336973
0.513978
0.436245
0.0698878
-0.222291
-0.0876551
0.240643
0.379564
0.409599
0.329985
0.0980955
-0.157199
-0.273385
-0.167527
-0.00398244
0.122989
0.2217
0.185436
0.0354055
-0.0496505
0.0611729
0.254907
0.264713
0.0643273
-0.135865
-0.299367
-0.435229
-0.452207
-0.404364
-0.394447
-0.409057
-0.348925
-0.186402
-0.0158957
0.129387
0.274959
0.347687
0.176307
-0.0654064
-0.113327
-0.0822994
-0.128944
-0.26974
-0.430332
-0.561263
-0.559563
-0.315687
-0.0104645
0.241907
0.482506
0.691089
0.649595
0.40898
0.205751
0.141141
0.206503
0.27057
0.18911
0.035797
-0.0632183
-0.144342
-0.251762
-0.377786
-0.40376
-0.251075
-0.0926605
-0.0119884
-0.0622419
-0.260584
-0.453
-0.449791
-0.285353
-0.124893
0.0288958
0.213465
0.40855
0.587539
0.714169
0.72521
0.67915
0.563353
0.306767
0.00704528
-0.265843
-0.4469
-0.450186
-0.389118
-0.350735
-0.30339
-0.230163
-0.176264
-0.155917
-0.0817964
0.0692289
0.164301
0.0757172
-0.0539359
-0.00419037
0.106535
0.0559966
-0.069073
-0.143208
-0.160957
-0.128907
-0.0931328
-0.0676387
0.0271225
0.186482
0.272724
0.197727
0.130613
0.261833
0.471252
0.611794
0.724109
0.679763
0.309598
-0.16082
-0.48286
-0.55999
-0.560786
-0.591829
-0.595796
-0.496007
-0.320143
-0.131998
0.0661765
0.290945
0.373876
0.097797
-0.156579
0.0048224
0.289845
0.391868
0.290496
0.136765
-0.00690656
-0.182607
-0.339425
-0.311812
-0.178107
-0.0867446
-0.0162291
0.0786359
0.126197
0.0703728
0.0835523
0.227122
0.155996
-0.145714
-0.377102
-0.355599
-0.135414
0.0738667
0.254634
0.382934
0.280837
0.00798052
-0.198678
-0.154774
0.0347969
0.178884
0.253823
0.143953
0.0335083
0.24172
0.487499
0.274225
-0.181476
-0.241345
0.027496
-0.123309
-0.032343
-0.955758
-0.956264
-0.462016
-0.155931
0.176353
-0.0782088
0.0289609
0.0983048
-0.0513858
-0.277832
-0.395813
-0.268352
-0.0647078
-0.0111847
-0.0664536
-0.0888544
-0.00833048
0.123594
0.139589
0.0849164
0.157115
0.287779
0.341923
0.232356
0.00391559
-0.121536
-0.0604667
0.124803
0.368894
0.582224
0.692574
0.685708
0.508551
0.250383
-0.0227326
-0.337069
-0.580858
-0.442517
-0.121482
0.10703
0.189793
-0.00310046
-0.310041
-0.513658
-0.663366
-0.728942
-0.528646
-0.206223
0.0398829
0.227862
0.269549
0.225433
0.279795
0.354436
0.262932
0.120696
0.106944
0.103738
0.00360028
-0.067591
0.0229166
0.192853
0.216578
0.0854264
-0.0248057
-0.0324942
0.0323147
0.118647
0.21409
0.188583
0.00146738
-0.123942
-0.0320163
0.111819
0.137377
0.0662654
-0.0375453
-0.150231
-0.267767
-0.354362
-0.25909
-0.013816
0.210617
0.384437
0.420841
0.325069
0.253292
0.244178
0.200517
0.0842085
-0.0340391
-0.132987
-0.235473
-0.345002
-0.449204
-0.521611
-0.4136
-0.144585
0.102919
0.200094
0.129852
0.0714888
0.0877895
0.0932194
0.0554248
0.0588009
0.0741953
0.00656142
-0.103505
-0.0826308
0.0689815
0.210193
0.275799
0.285017
0.278906
0.249382
0.103574
-0.122433
-0.318776
-0.323974
-0.122075
0.0828851
0.102483
-0.104742
-0.341452
-0.480502
-0.367271
-0.0886825
0.168896
0.321528
0.311526
0.244479
0.204608
0.187205
0.207419
0.297638
0.374557
0.238131
-0.0811503
-0.400076
-0.614346
-0.547249
-0.263431
-0.0210512
0.08055
0.0966765
0.00980523
-0.153969
-0.271216
-0.276657
-0.176248
-0.0809092
-0.0282994
-0.0358171
-0.138084
-0.264397
-0.3459
-0.375874
-0.334894
-0.253443
-0.132593
0.0585793
0.237523
0.283138
0.26147
0.310695
0.335891
0.213164
0.0489577
-0.0770679
-0.200901
-0.339582
-0.358992
-0.147243
0.11894
0.285973
0.236089
0.0660921
-0.0758377
-0.133508
-0.0663393
0.0418934
0.095768
0.05727
-0.0101862
-0.0470187
-0.0639295
-0.0885923
-0.11787
-0.144308
-0.15828
-0.0996488
0.0229347
0.0840217
0.0382013
-0.00749953
0.0461472
0.166431
0.27045
0.368118
0.437342
0.426216
0.396251
0.439256
1
0.361374
0.190233
0.0593099
-0.0643051
-0.180861
-0.158663
-0.0222515
-0.00446675
-0.107302
-0.165022
-0.150926
-0.206548
-0.3667
-0.485172
-0.402163
-0.217237
-0.0759361
0.0484875
0.16735
0.152879
0.0213432
-0.0955428
-0.196341
-0.30432
-0.296446
-0.173614
-0.0603293
0.0380712
0.157926
0.294381
0.4043
0.420462
0.374962
0.27891
0.137222
0.00698682
-0.0527965
-0.0384976
0.027109
0.124754
0.220996
0.291657
0.306285
0.280631
0.191942
0.0459614
-0.109972
-0.237013
-0.229928
-0.130665
-0.0673583
-0.0767555
-0.117731
-0.11264
-0.0751002
-0.103746
-0.215954
-0.313063
-0.280316
-0.127462
0.0247976
0.171225
0.266029
0.195127
0.0602739
-0.0136216
-0.0274763
-0.0580693
-0.139259
-0.214718
-0.268992
-0.325025
-0.332961
-0.180597
0.0422242
0.165093
0.144296
0.141182
0.233986
0.290539
0.218974
0.113588
0.0350653
0.0425455
0.144319
0.241782
0.25944
0.210284
0.190555
0.216037
0.171692
0.0301796
-0.0846626
-0.145591
-0.230519
-0.315264
-0.274431
-0.149276
-0.0463179
0.00644242
0.00172237
-0.0812675
-0.209699
-0.270613
-0.20986
-0.127474
-0.0817916
-0.0389134
0.0113074
0.0370152
0.0440633
0.0576203
0.053501
0.00611123
-0.0541345
-0.0910348
-0.0527922
0.0328008
0.105854
0.166081
0.202033
0.155956
0.0594753
-0.0241294
-0.0731927
-0.0544606
-0.00127379
0.0424439
0.0784033
0.0961837
0.0556772
-0.0190689
-0.0817281
-0.13935
-0.201129
-0.253033
-0.237386
-0.166293
-0.101277
-0.0826847
-0.126654
-0.18309
-0.173335
-0.0891789
0.00357138
0.112545
0.250717
0.308406
0.195787
0.0415276
-0.0569218
-0.0616278
-0.0114112
0.0193394
0.0205201
-0.00093212
-0.0331734
-0.0370723
-0.0283286
-0.0284353
-0.00508188
0.043387
0.0873478
0.122963
0.154418
0.17213
0.127813
0.0372967
-0.0187815
-0.00363753
0.017667
-0.0119882
-0.0643683
-0.102751
-0.133793
-0.094905
0.0394136
0.182563
0.239546
0.129287
-0.039664
-0.177034
-0.247631
-0.218529
-0.161547
-0.108422
-0.031835
0.0572288
0.139854
0.204106
0.198843
0.140538
0.104142
0.0926572
0.0747856
0.0499618
0.0376649
0.0532444
0.0737921
0.0529777
0.0101126
-0.0220112
-0.0157624
0.0314568
0.0733879
0.0818226
0.0710883
0.0404215
-0.0331194
-0.12161
-0.149781
-0.10573
-0.0666409
-0.0612001
-0.0573563
-0.0447169
-0.0376903
-0.049329
-0.0910271
-0.138842
-0.167865
-0.186766
-0.162948
-0.0841633
-0.00678146
0.0190016
-0.00924155
-0.0457973
-0.0540253
-0.0302124
-0.00514959
0.0122243
0.00481558
-0.0306615
-0.0676037
-0.0720349
-0.0259377
0.0306927
0.0780685
0.128866
0.183633
0.176723
0.105213
0.0393731
0.0189126
0.0438811
0.0640722
0.0603989
0.0571074
0.0792248
0.108802
0.113272
0.111818
0.132543
0.170634
0.183688
0.158251
0.141473
0.14163
0.104934
0.0146631
-0.0805286
-0.16266
-0.249128
-0.33849
-0.421599
-0.419207
-0.285463
-0.130741
-0.00247003
0.110784
0.128101
0.0546314
-0.0104651
-0.0488853
-0.0660366
-0.0385583
0.0368384
0.094553
0.103132
0.100741
0.122143
0.179599
0.251796
0.317507
0.337793
0.256805
0.142374
0.0488012
0.00604712
0.03741
0.0528609
-0.0111697
-0.0886607
-0.145592
-0.205554
-0.2595
-0.238915
-0.167214
-0.157594
-0.232388
-0.305328
-0.358877
-0.36153
-0.271042
-0.155258
-0.0589467
0.0390047
0.122894
0.136615
0.114701
0.109789
0.103691
0.0542101
-0.0268577
-0.0893396
-0.10721
-0.0763662
-0.0155807
0.0460201
0.083933
0.0925534
0.0912674
0.0870846
0.0803185
0.0726248
0.0656278
0.0585687
0.0556517
0.0693593
0.0972157
0.115656
0.085783
0.0221384
-0.0011488
0.0586462
0.135701
0.116372
-0.00608648
-0.126448
-0.219979
-0.269947
-0.268303
-0.210215
-0.11812
-0.0335386
-0.015283
-0.0740111
-0.135738
-0.163058
-0.166948
-0.17013
-0.166402
-0.13942
-0.0611601
0.0378329
0.127206
0.172885
0.148174
0.102575
0.0599384
0.00856942
-0.0474047
-0.102219
-0.15599
-0.209342
-0.214811
-0.139442
-0.0491401
0.024424
0.100591
0.182263
0.246063
0.292808
0.342095
0.377246
0.324169
0.20363
0.0960781
0.00207956
-0.0501961
-0.0265175
0.00747148
0.014773
0.0219781
0.0329764
0.00213338
-0.0689923
-0.131446
-0.168396
-0.196022
-0.229019
-0.231172
-0.158978
-0.0612205
0.0176671
0.080629
0.128521
0.12305
0.0707832
0.0374728
0.0341658
0.0433018
0.0710887
0.110703
0.12948
0.100669
0.0550163
0.0306407
0.0274771
0.0354302
0.0516494
0.0618992
0.0324475
-0.0246723
-0.0596013
-0.0706883
-0.0981782
-0.153865
-0.209968
-0.256609
-0.2569
-0.185162
-0.102166
-0.0330318
0.0384983
0.102767
0.0814876
-0.0085366
-0.0889276
-0.10994
-0.0309559
0.0832081
0.161983
0.181341
0.167173
0.1506
0.127187
0.0630902
-0.0328689
-0.088393
-0.065668
-0.0248468
0.000182548
0.0411595
0.0661642
0.00575277
-0.0850072
-0.156368
-0.202018
-0.192098
-0.149221
-0.106219
-0.0608179
-0.0112847
0.0374113
0.0728328
0.0938623
0.109852
0.12208
0.125804
0.120953
0.115666
0.117173
0.141695
0.180608
0.207626
0.219366
0.227816
0.224162
0.188487
0.138248
0.121155
0.136571
0.147651
0.128497
0.0785433
0.0297943
0.00429312
-0.00852502
-0.0311052
-0.0831706
-0.155883
-0.22394
-0.288963
-0.338742
-0.351813
-0.347064
-0.341466
-0.323815
-0.28498
-0.242093
-0.203361
-0.161583
-0.113508
-0.0650412
-0.0306823
-0.0450272
-0.0882222
-0.112905
-0.0742043
0.00605379
0.0779461
0.12242
0.127512
0.125175
0.150456
0.19074
0.221707
0.247465
0.275381
0.282906
0.254141
0.220286
0.199107
0.18129
0.154781
0.116982
0.0757047
0.0317351
-0.0200015
-0.0733314
-0.104674
-0.092576
-0.0740372
-0.0793546
-0.0930036
-0.0765691
-0.0101298
0.0692951
0.107248
0.0769026
0.0184527
-0.0337921
-0.0845165
-0.140763
-0.195676
-0.245103
-0.248328
-0.184682
-0.112612
-0.0534773
-0.00353457
0.0102334
0.00225571
0.0249845
0.0760142
0.104255
0.0762171
0.0285261
-0.00792595
-0.0403234
-0.0411899
0.00158129
0.0292348
0.00814902
-0.0212861
-0.0171228
0.0117785
0.0308869
0.0397714
0.0457628
0.0416328
0.0192312
-0.0232536
-0.070085
-0.101745
-0.110546
-0.102848
-0.0797281
-0.0515632
-0.0267572
-0.00474767
0.0346519
0.105633
0.143597
0.0847711
-0.00669543
-0.0337905
0.0364584
0.117422
0.13957
0.137976
0.137857
0.116655
0.0918983
0.0914662
0.115665
0.146584
0.164892
0.150488
0.103282
0.0471903
-0.00495125
-0.056849
-0.0965815
-0.11443
-0.13464
-0.167666
-0.196533
-0.178505
-0.114868
-0.0528218
-0.0168586
-0.0190255
-0.0337163
-0.0338913
-0.0143786
0.00767536
0.0327669
0.0670268
0.0672845
0.0293697
0.00762647
0.00891058
0.00997297
0.0175715
0.0327719
0.0410976
0.036158
0.0309664
0.0641334
0.122272
0.149764
0.132906
0.113761
0.099015
0.0656892
0.0206104
-0.00745995
-0.0136248
-0.0188033
-0.0409322
-0.0861225
-0.13604
-0.173801
-0.15946
-0.0987012
-0.0422999
-0.0140732
-0.0152685
-0.0203872
-0.0344755
-0.0697563
-0.0998997
-0.104588
-0.0940923
-0.0793998
-0.0764285
-0.077868
-0.0590855
-0.0161104
0.0295616
0.0706472
0.0874999
0.0548154
0.00765023
-0.0298188
-0.0450631
-0.0120081
0.0413613
0.0856531
0.126462
0.133806
0.0811859
0.0181913
-0.0279128
-0.0404053
-0.0238718
-0.0100315
-0.0207494
-0.0470194
-0.0612031
-0.0395199
0.000789986
0.0302744
0.0415499
0.0446781
0.0420368
0.038897
0.0430962
0.0595504
0.1028
0.159299
0.198024
0.189329
0.153291
0.108979
0.0563887
0.00143144
-0.0522339
-0.105037
-0.158575
-0.196195
-0.165087
-0.0871794
-0.0190877
0.0319223
0.0424357
0.0213252
0.0180864
0.0464055
0.0715476
0.079704
0.0830503
0.0821756
0.0768735
0.0701863
0.0637345
0.0373381
-0.0219584
-0.0866988
-0.144688
-0.18452
-0.151138
-0.0700791
-0.00365005
0.00646336
-0.0432905
-0.0976023
-0.12205
-0.0856263
-0.0270309
-0.00211026
-0.00580819
-0.0180468
-0.0436081
-0.0713443
-0.0717582
-0.0497724
-0.0302481
-0.00801644
-0.00336422
-0.0337243
-0.071875
-0.0736265
-0.0264977
0.0277788
0.07224
0.106299
0.105158
0.0842177
0.0492806
-0.011511
-0.0800314
-0.120855
-0.115016
-0.0977718
-0.0935911
-0.0958053
-0.0927867
-0.0808885
-0.0511563
0.0211093
0.112067
0.193536
0.231275
0.205879
0.166325
0.114068
0.0308628
-0.0583878
-0.126998
-0.115843
-0.0376168
0.0345347
0.0780966
0.062644
0.0105935
-0.0346415
-0.0757181
-0.108531
-0.088291
-0.0325001
0.0141627
0.0467361
0.067274
0.0943879
0.140556
0.182491
0.186558
0.169871
0.148748
0.0986851
0.0299709
-0.0239563
-0.0479407
-0.0621872
-0.100112
-0.174531
-0.25688
-0.30679
-0.28128
-0.22394
-0.193117
-0.178368
-0.137484
-0.0817421
-0.0759648
-0.105295
-0.117583
-0.0993215
-0.0706854
-0.0545182
-0.0477042
-0.0394045
-0.029213
-0.0212951
-0.0132077
-0.00371639
0.00639623
0.00748763
-0.00823968
-0.0261278
-0.0310339
-0.0160276
0.031434
0.0940225
0.145537
0.146498
0.10451
0.0666414
0.0517135
0.0568904
0.0623918
0.0611512
0.0587284
0.0612393
0.0659063
0.0715914
0.0875447
0.111564
0.112417
0.0844362
0.0565889
0.0347859
0.0102421
-0.0166486
-0.0416854
-0.0570978
-0.0508178
-0.0367393
-0.0267452
-0.0181019
-0.00201865
0.0274757
0.0624506
0.0769048
0.0618775
0.0445744
0.0353561
0.0102442
-0.0385363
-0.0892455
-0.110048
-0.0785579
-0.0316521
0.00535557
0.0370133
0.0344773
-0.00638142
-0.0358069
-0.0267237
-0.00984384
-0.00696706
0.0152157
0.0691588
0.099757
0.0910046
0.0843668
0.0913082
0.0936425
0.0745044
0.0438501
0.0173899
-0.00807605
-0.0213361
0.00398473
0.0469371
0.0643969
0.0370288
-0.0011825
-0.0285757
-0.0562585
-0.0771629
-0.067912
-0.0464083
-0.0317946
-0.0391075
-0.0775901
-0.123078
-0.14731
-0.122237
-0.0737926
-0.0337262
0.00331615
0.0266498
0.018769
-0.00460537
-0.032365
-0.0375037
0.00545662
0.063727
0.0865511
0.0628936
0.0370836
0.0408709
0.0589883
0.0667556
0.049235
0.0126594
-0.00204706
0.0325182
0.082161
0.110267
0.0905879
0.0418379
-3.22523e-05
-0.0378364
-0.0405403
0.0303774
0.100514
0.0914886
0.0510401
0.0459355
0.0646903
0.0747798
0.0655959
0.0390456
0.0105355
-0.0146565
-0.0253757
-0.0150784
-0.00233918
-0.0100494
-0.0478429
-0.0886604
-0.111481
-0.0996942
-0.0425025
0.0328138
0.0994079
0.163911
0.183377
0.129509
0.0656696
0.0554111
0.0905097
0.114439
0.0846962
0.0191646
-0.0393439
-0.0934175
-0.144397
-0.155777
-0.111584
-0.0540543
-0.0158546
0.0116831
0.0487665
0.0997209
0.12272
0.080623
0.0206379
-0.0210451
-0.0573935
-0.101222
-0.146556
-0.138524
-0.0681254
0.00081395
0.0559935
0.105725
0.15114
0.181714
0.167234
0.126339
0.105704
0.101417
0.0895574
0.0641898
0.0353865
0.0232818
0.0308065
0.0388592
0.0312634
-0.000124726
-0.035946
-0.0555777
-0.0676373
-0.0958994
-0.132581
-0.136465
-0.0928243
-0.0567147
-0.0441221
-0.0257299
0.0181372
0.0744259
0.126306
0.176998
0.218357
0.194023
0.114321
0.0425914
-0.0189689
-0.0669869
-0.0844526
-0.0946224
-0.117343
-0.13751
-0.134616
-0.0787111
0.0109301
0.0942273
0.142853
0.126677
0.0875753
0.065959
0.0722661
0.086668
0.0886538
0.0704467
0.024818
-0.0420827
-0.114324
-0.183899
-0.243309
-0.244346
-0.197009
-0.155672
-0.121486
-0.0702214
-0.00810977
0.0329203
0.0388501
0.0219029
-0.0166094
-0.0792006
-0.144872
-0.199705
-0.231527
-0.250213
-0.271999
-0.271119
-0.20747
-0.1213
-0.0690201
-0.057149
-0.0594838
-0.0698427
-0.101488
-0.144711
-0.154681
-0.126184
-0.0980163
-0.0685726
-0.0151201
0.0466131
0.102531
0.132952
0.0918717
0.0142244
-0.0503953
-0.111374
-0.16996
-0.182186
-0.156104
-0.13636
-0.109233
-0.0499601
0.018179
0.0735842
0.103319
0.113707
0.117403
0.113945
0.100089
0.0630838
0.0146631
-0.0330513
-0.0843462
-0.13784
-0.189657
-0.210803
-0.175933
-0.12685
-0.0812771
-0.0219761
0.0153829
-0.0136472
-0.0614295
-0.0927047
-0.112716
-0.116357
-0.0938901
-0.0503732
-0.0142653
-0.00806426
-0.01464
-0.00553561
0.0274921
0.0655716
0.0902691
0.0992047
0.0977871
0.0812476
0.0228558
-0.0617171
-0.13905
-0.175318
-0.145525
-0.104396
-0.0844451
-0.0619825
-0.0125141
0.0496952
0.0869532
0.07454
0.0549616
0.0576931
0.062259
0.0632487
0.0804892
0.108592
0.127179
0.125381
0.107218
0.0636458
0.0132761
-0.00467917
0.000379314
0.00492947
0.0131409
0.0505609
0.111815
0.156994
0.150363
0.117606
0.0992622
0.0849843
0.0751165
0.0908831
0.117099
0.130698
0.146903
0.179994
0.214306
0.217535
0.194811
0.169134
0.129662
0.082421
0.051529
0.0313092
0.00656691
-0.00275135
0.040958
0.108701
0.165429
0.219504
0.26736
0.280089
0.261849
0.242084
0.221757
0.183373
0.137028
0.0951445
0.0640412
0.0506243
0.061513
0.0966986
0.135134
0.151753
0.109829
0.039808
-0.0201756
-0.0467512
-0.018924
0.0214298
0.017747
-0.0230082
-0.0564647
-0.0724082
-0.0796909
-0.0788603
-0.0665578
-0.0478262
-0.0278665
-0.0146048
-0.026368
-0.0556151
-0.0812518
-0.0857849
-0.0429644
0.0188757
0.0730371
0.110682
0.0944687
0.0401883
-0.00580782
-0.0469704
-0.0807571
-0.0798602
-0.0581328
-0.0535504
-0.0766356
-0.10655
-0.110471
-0.0687869
-0.0124254
0.022677
0.0194392
0.000604031
-0.00991302
-0.0136313
-0.0167198
-0.0243694
-0.0435502
-0.0603097
-0.0575
-0.0500311
-0.0522297
-0.0767157
-0.114105
-0.142572
-0.139209
-0.115327
-0.0956617
-0.0807519
-0.0696604
-0.0530549
-0.0285833
-0.0130268
-0.00628652
0.00315681
0.00390324
-0.0260282
-0.0693763
-0.0755732
-0.0193025
0.0392263
0.0417985
0.0201112
0.0271726
0.048245
0.0538173
0.0442036
0.0368472
0.0300281
0.00434127
-0.0429472
-0.0642314
-0.0332062
0.00707479
0.0127919
-0.0103517
-0.0313085
-0.040488
-0.0263096
0.00757238
0.0537738
0.0908921
0.101087
0.0992257
0.0807143
0.0484647
0.0409716
0.0754784
0.115059
0.126363
0.0937791
0.0496469
0.0217053
0.0325637
0.0651089
0.0933731
0.118512
0.144899
0.134082
0.0749451
0.0126516
-0.0319616
-0.0554686
-0.0733219
-0.107791
-0.117005
-0.0768382
-0.0336709
-0.020019
-0.0325386
-0.0410089
-0.0352109
-0.0273365
-0.0301365
-0.0522338
-0.0792621
-0.0904313
-0.0911964
-0.0801484
-0.0584349
-0.0363773
-0.0178314
-0.00638618
-0.0106381
-0.0396428
-0.0772359
-0.0955481
-0.096255
-0.0990406
-0.105091
-0.108399
-0.108505
-0.0848456
-0.0280479
0.0124228
0.0174252
0.0239398
0.0432306
0.0484899
0.0135673
-0.0389788
-0.0775049
-0.0919963
-0.0905594
-0.0850328
-0.0846792
-0.0902271
-0.0877988
-0.0600489
-0.0287688
-0.0187181
-0.0100861
0.0104716
0.0294109
0.027317
0.01127
-4.99981e-06
-0.00330573
0.00679349
0.0314451
0.0502175
0.053027
0.0525409
0.044154
0.018645
-0.00971899
-0.0334203
-0.0478683
-0.0510528
-0.0428033
-0.0258642
-0.0143419
-0.0124521
-0.0168345
-0.026173
-0.0365582
-0.0441174
-0.042816
-0.0358838
-0.0391011
-0.0616046
-0.087393
-0.10246
-0.111761
-0.122535
-0.128835
-0.124866
-0.11308
-0.101346
-0.0905528
-0.0803199
-0.0728573
-0.0702932
-0.0820944
-0.104987
-0.119318
-0.119409
-0.102587
-0.0746512
-0.0611179
-0.0651828
-0.0647165
-0.0504035
-0.0336125
-0.020145
-0.0082168
-0.000158182
-0.00311408
-0.0243791
-0.0445916
-0.0263933
0.0190856
0.0577623
0.0793241
0.0829371
0.0855071
0.094325
0.100896
0.089963
0.0605473
0.0210941
-0.00654005
-0.0131053
-0.0134254
-0.0114549
-0.00573202
0.00647296
0.0291041
0.0540784
0.0761744
0.0898814
0.0953385
0.100358
0.10512
0.104143
0.100313
0.0976948
0.0954965
0.0950191
0.102455
0.11291
0.118457
0.111355
0.067087
-0.00421435
-0.0550864
-0.0651414
-0.0474309
-0.0171809
0.0183187
0.0653215
0.107063
0.117344
0.114501
0.118569
0.121743
0.114304
0.106402
0.105814
0.103918
0.083956
0.0469597
0.0304257
0.0408216
0.0503308
0.0478946
0.0334637
0.0149527
0.000449008
-0.00870037
-0.00871067
0.006174
0.0234015
0.0254139
0.014497
-0.0112635
-0.0378688
-0.0454504
-0.042699
-0.0350798
-0.0238899
-0.00671184
0.0125006
0.030829
0.0391604
0.0273365
0.0133698
0.00972086
0.013754
0.0245514
0.0291844
0.0130693
-0.00564133
-0.0102364
-0.00691151
0.0124478
0.0449469
0.0674359
0.0718603
0.0592588
0.0351648
0.0229133
0.0215023
0.0128164
-0.00916581
-0.0315937
-0.0319804
-0.0105175
0.00907677
0.0102663
-0.00703853
-0.0219881
-0.0270214
-0.0301118
-0.0361817
-0.0387212
-0.0338916
-0.0263825
-0.0256386
-0.0428799
-0.0713701
-0.084043
-0.0510253
0.00551193
0.0473815
0.0603124
0.0601316
0.0676438
0.0781455
0.074972
0.0454748
0.00914224
-0.0222941
-0.0469651
-0.0584408
-0.0630803
-0.0632517
-0.0523249
-0.0387719
-0.0324186
-0.0333128
-0.033062
-0.0336561
-0.0404172
-0.0528196
-0.0697286
-0.0889911
-0.0983615
-0.0993549
-0.101095
-0.104863
-0.106401
-0.104333
-0.0993324
-0.094221
-0.0765554
-0.0432226
-0.00855755
0.0221183
0.0521425
0.0593593
0.0360062
0.0102242
-0.000855578
0.00370282
0.0109122
0.0157423
0.0215562
0.0285398
0.0348697
0.040652
0.0466557
0.0517222
0.0497171
0.0408701
0.0337712
0.0382545
0.0531001
0.0671116
0.0750535
0.064812
0.0424033
0.022122
0.00359475
-0.0142088
-0.0157753
-0.00148385
0.00480639
-0.00708696
-0.0206372
-0.0145142
0.00866993
0.029907
0.0478104
0.0606135
0.0648887
0.0717271
0.0874704
0.103821
0.115927
0.121225
0.117423
0.0992611
0.0789056
0.0691547
0.0683955
0.0704488
0.0712759
0.0658542
0.0531405
0.0361547
0.0178867
-6.90772e-05
-0.016976
-0.0211628
-0.00927309
0.0034149
0.0079006
0.00164333
-0.00711638
-0.0128362
-0.0121629
-0.00816692
-0.00631309
-0.0132808
-0.0262043
-0.0381238
-0.0490815
-0.0609565
-0.0730462
-0.0788811
-0.0667125
-0.0461925
-0.0288739
-0.0125168
0.00595522
0.0222125
0.0311926
0.0369442
0.0443241
0.0509464
0.0513658
0.046419
0.0419089
0.0342734
0.0221823
0.00972866
0.00250366
0.00549858
0.0126158
0.0138253
0.0086187
0.00342441
-0.000392506
-0.00774906
-0.0262723
-0.0466211
-0.0534616
-0.0430803
-0.0162476
0.0164601
0.0416436
0.0502244
0.0447631
0.0294402
0.0132548
-0.00238764
-0.0181095
-0.0344622
-0.0405806
-0.0272751
-0.00833844
0.000309768
-0.00294766
-0.0078637
-0.0104087
-0.014112
-0.0155904
-0.00734525
0.00580654
0.0166552
0.0212622
0.0145937
0.00484547
-0.00323033
-0.0114125
-0.0266286
-0.0494345
-0.0729866
-0.092081
-0.106537
-0.110694
-0.0966118
-0.0673403
-0.0429526
-0.0378615
-0.042626
-0.0476086
-0.0466965
-0.0357259
-0.019091
-0.00550072
-0.000640445
-0.00440686
-0.0105167
-0.0127972
-0.0135334
-0.0129522
-0.0102013
-0.00679541
-0.0091659
-0.0254244
-0.0473444
-0.0664267
-0.0852446
-0.102896
-0.107538
-0.101328
-0.0968948
-0.0941888
-0.0899885
-0.0850772
-0.0793159
-0.0648444
-0.0433118
-0.0268939
-0.021752
-0.0217847
-0.0249705
-0.029934
-0.033988
-0.0326437
-0.0280277
-0.024043
-0.0211148
-0.0185199
-0.0163547
-0.014119
-0.0143285
-0.0190882
-0.0251708
-0.0320282
-0.0513397
-0.0818613
-0.103019
-0.105516
-0.0952288
-0.0802052
-0.0660502
-0.0522273
-0.0530499
-0.0751118
-0.0999801
-0.118351
-0.130674
-0.128939
-0.108121
-0.083524
-0.0658055
-0.054646
-0.044004
-0.0325016
-0.0228061
-0.0222445
-0.0299411
-0.0370767
-0.0406759
-0.0360074
-0.0254985
-0.0157821
-0.00683574
0.00295534
0.0126792
0.0178933
0.0177097
0.0190006
0.0256345
0.0335696
0.0396659
0.0424803
0.0431484
0.0460617
0.0512545
0.054008
0.0517662
0.0483668
0.0515151
0.065437
0.0816186
0.0957134
0.107095
0.108712
0.103924
0.0973304
0.0866652
0.0804095
0.080153
0.0780468
0.0705527
0.0610694
0.0548954
0.056339
0.0641344
0.0735311
0.0732222
0.0641975
0.0516466
0.0422115
0.0375394
0.0360853
0.033347
0.0294744
0.026773
0.0354119
0.0552743
0.0747869
0.0898598
0.0931724
0.0855683
0.0791596
0.0813182
0.0905749
0.0989325
0.105779
0.10645
0.0989214
0.0903052
0.0833522
0.0786845
0.0808364
0.0860485
0.0900299
0.0916761
0.0878093
0.0804119
0.0742444
0.072541
0.0750456
0.0766661
0.0729647
0.0650848
0.0578286
0.0537861
0.0561491
0.060822
0.0600351
0.0476938
0.0318621
0.0182771
0.00709883
-0.000687687
-0.000469892
0.00731014
0.0150407
0.0204141
0.0165065
0.000696361
-0.0142086
-0.0177597
-0.0146929
-0.0143367
-0.017426
-0.0218225
-0.0239437
-0.0207034
-0.0146835
-0.0104231
-0.0150884
-0.0324654
-0.0464157
-0.0439553
-0.0351415
-0.0304682
-0.025864
-0.0222743
-0.0253689
-0.0320016
-0.0368008
-0.0412242
-0.0447355
-0.0456673
-0.047808
-0.0537915
-0.0579577
-0.0552854
-0.0491609
-0.0474546
-0.052232
-0.0583447
-0.0615306
-0.0565213
-0.0439172
-0.0321721
-0.0218043
-0.0139202
-0.0110167
-0.0107319
-0.0129609
-0.0183257
-0.0232866
-0.0245499
-0.0216185
-0.0187773
-0.0163793
-0.0119797
-0.00630242
-0.00603924
-0.00839526
-0.0134296
-0.0262691
-0.041256
-0.0512861
-0.0598393
-0.0691699
-0.0781852
-0.0859154
-0.0916972
-0.0900274
-0.0836971
-0.0782666
-0.073816
-0.0705788
-0.0710302
-0.0721816
-0.0724561
-0.0681213
-0.0571156
-0.0447193
-0.0357874
-0.032701
-0.0319307
-0.0269707
-0.0198339
-0.013745
-0.00837711
-0.0023996
0.00225978
0.00349683
0.003098
0.00411991
0.00659096
0.00818873
0.00725824
0.00730858
0.0108544
0.0158782
0.0197467
0.0235298
0.0269458
0.0285828
0.028368
0.0256774
0.0210285
0.0214413
0.0254975
0.0286058
0.0286976
0.0263736
0.0237038
0.0218499
0.0200333
0.0204086
0.0235485
0.026991
0.0284371
0.0281291
0.0279584
0.0297008
0.0319788
0.0332578
0.0331209
0.033094
0.0346414
0.0384849
0.0421214
0.0450748
0.0473631
0.0484524
0.0482068
0.0484696
0.0491297
0.0495836
0.0485178
0.0465951
0.0446773
0.0433779
0.0423314
0.0415006
0.0404265
0.0394811
0.0383587
0.0373357
0.0357253
0.0333948
0.0307695
0.028669
0.0268973
0.0258339
0.0251161
0.0248595
0.024306
0.0236128
0.0223088
0.0209274
0.0194111
0.0180658
0.0165123
0.0152745
0.0141922
0.0132625
0.0119636
0.0106527
0.00896181
0.00719714
0.00510183
0.00313545
0.00121308
-0.000286995
-0.00178979
-0.00306411
-0.00453673
-0.00595898
-0.00764263
-0.00910231
-0.0106545
-0.0119678
-0.0133843
-0.0145601
-0.0158344
-0.0168945
-0.018109
-0.0191133
-0.0202511
-0.0211661
-0.0222134
-0.0230286
-0.0239686
-0.0246687
-0.0254961
-0.0260717
-0.0267581
-0.0271809
-0.0277191
-0.0279903
-0.0283727
-0.0284756
-0.02869
-0.0286227
-0.0286747
-0.0284394
-0.0283271
-0.0279204
-0.0276408
-0.0270577
-0.0266083
-0.0258492
-0.0252338
-0.0242987
-0.0235184
-0.0224073
-0.0214656
-0.0201784
-0.0190804
-0.0176176
-0.0163703
-0.0147313
-0.0133457
-0.0115268
-0.0100202
-0.00800961
-0.00641642
-0.00417241
-0.0025947
0.000116223
7.48979e-05
