-0.00154008
-0.00311791
-0.00276674
-0.00288454
-0.00282102
-0.0027963
-0.0028454
-0.00284759
-0.00308777
-0.00304535
-0.00300657
-0.00246618
-0.00213996
-0.00233114
-0.00310947
-0.00373524
-0.00458258
-0.00510358
-0.00550998
-0.00371068
0.00128929
0.00863763
0.0117524
0.00936532
0.000602336
-0.00502799
-0.00172602
0.00410376
0.00651223
-0.00271808
-0.0123101
-0.0109181
-0.00535598
0.00839999
0.00943592
-0.00590414
-0.015602
-0.020789
-0.0163242
0.00282037
0.0212772
0.0412959
0.0376091
0.0050209
-0.0200224
-0.0124514
0.0189866
0.0367439
0.0110063
-0.0349805
-0.0839061
-0.0837759
0.000639064
0.11676
0.192519
0.130532
-0.0352699
-0.180866
-0.204689
-0.157619
-0.0972028
-0.0914294
-0.0803778
0.0191009
0.0998253
0.09332
0.00564621
-0.0820704
-0.171792
-0.145259
-0.0683992
-0.0112182
0.024292
0.063204
0.106327
0.124845
0.103665
0.0776054
0.0392233
0.0823995
0.172197
0.244611
0.186471
0.0175048
-0.181763
-0.276455
-0.171535
-0.084181
-0.0474353
-0.15819
-0.169304
0.0353539
0.231324
0.329086
0.24486
0.0587732
-0.0715729
-0.0449206
0.0845645
0.188439
0.182617
0.109373
0.101581
0.120071
0.0514028
-0.0878187
-0.251571
-0.271485
-0.11685
-0.000215269
0.10051
0.147518
0.0915003
0.0719604
0.123821
0.160087
0.169484
0.146847
0.203929
0.216675
0.108992
-0.0777142
-0.273227
-0.301843
-0.212406
-0.110721
-0.0679561
-0.0799393
-0.0624565
-0.0138361
0.0224369
0.0473282
0.0651401
-0.0205913
-0.112287
-0.1761
-0.182503
-0.0791378
0.0280174
0.0729406
0.0331684
0.00131325
0.0156227
0.0563668
0.0194464
-0.0608956
-0.11545
-0.0780555
-0.0339333
-0.0514735
-0.0791193
-0.0980052
-0.0687185
-0.0334332
-0.024457
-0.0104446
0.0463915
0.109534
0.103363
0.018835
-0.0900358
-0.177705
-0.162676
-0.130683
-0.105681
-0.0784321
-0.0548056
-0.0341202
-0.0367654
-0.00784602
0.0949673
0.146761
0.160404
0.149457
0.153329
0.172816
0.15466
0.0393734
-0.066396
-0.182527
-0.208536
-0.0610883
0.0838571
0.155829
0.0827943
-0.0190995
-0.072071
-0.0457885
-0.00903064
-0.0244319
-0.0564942
-0.0884237
-0.101146
-0.0506239
0.0139974
0.0400688
0.0408235
0.01699
-0.0489723
-0.105959
-0.0728081
0.0344389
0.108339
0.10684
0.0942318
0.0823319
0.0542583
0.0455531
0.0750549
0.0877044
0.0662499
0.0494504
0.045672
0.0344507
0.0711984
0.118976
0.0729942
-0.035527
-0.183959
-0.229383
-0.161173
-0.0531148
0.0783671
0.12319
0.0566355
-0.0024702
-0.0632761
-0.110712
-0.0389131
0.060293
0.149132
0.147615
0.0375657
-0.0442221
-0.103859
-0.0886099
-0.026827
-0.0636203
-0.166367
-0.138545
-0.0131362
0.0980406
0.16713
0.0515582
-0.0856033
-0.215784
-0.284455
-0.203301
-0.129928
-0.0543133
0.00857557
-0.0284127
-0.0930539
-0.107425
-0.0539711
0.0332158
0.119514
0.195401
0.220634
0.191567
0.140491
0.0657612
-0.0811502
-0.132723
-0.143415
-0.103796
0.0138824
0.16973
0.332501
0.295111
0.177682
0.0848163
0.00414196
-0.0467313
-0.0237902
-0.005064
0.0173641
0.0385437
0.0630469
0.0572139
0.00955581
-0.0395005
-0.0717344
-0.0512527
0.0143066
0.0741252
0.141973
0.144349
0.0686586
0.00826394
-0.00689831
-0.00933764
-0.0131088
-0.0167746
-0.0176488
-0.0233333
-0.00356259
0.0356114
0.0806016
0.0631661
-0.057585
-0.182553
-0.188098
-0.0692259
0.0338021
0.0836239
0.0116695
-0.0567598
-0.112646
-0.100107
-0.0626335
-0.0770823
-0.139703
-0.196381
-0.177719
-0.0763972
0.00672967
0.0843582
0.0609233
0.0147308
-0.0244545
-0.0336759
-0.00784615
0.0129173
0.0288965
0.0395078
0.0492641
0.060008
0.0698456
0.064374
-0.000458527
0.0255967
0.132463
0.192392
0.128147
0.00355351
-0.0486631
0.000706646
0.0684263
0.0874224
0.0144781
-0.0745168
-0.0649347
-0.00244024
0.0442205
0.00551661
-0.072974
-0.142182
-0.161844
-0.108136
-0.0645223
-0.0347329
-0.0213775
-0.00702999
0.00833861
-0.0119859
-0.0903737
-0.161191
-0.163437
-0.0974569
0.00377158
0.117505
0.227926
0.294435
0.24731
0.206089
0.162257
0.112869
0.0479147
-0.0149614
-0.0691327
-0.00205718
0.120998
0.22515
0.296032
0.199518
0.0413159
-0.0929131
-0.132712
-0.106694
-0.102167
-0.0969887
-0.159176
-0.223816
-0.290938
-0.301636
-0.232782
-0.170708
-0.10774
-0.041692
0.0190699
0.0544832
0.0702032
0.0831309
0.050771
0.0157665
-0.0184349
-0.0404152
-0.0538136
-0.0685293
-0.0617035
0.00139252
0.0580388
0.117442
0.124879
0.0998038
0.078758
0.0943199
0.147478
0.198034
0.189506
0.106643
0.0332489
-0.0321599
-0.0566222
-0.0895609
-0.162519
-0.233442
-0.287453
-0.241266
-0.164834
-0.0571312
0.0439314
0.00605023
-0.0585992
-0.0502992
0.020149
0.0874557
0.11365
0.0575958
0.0688709
0.150023
0.126352
0.00556296
-0.103359
-0.150797
-0.0804707
-0.0222537
0.0406286
0.051819
0.0280232
0.00692317
-0.022092
-0.0558284
-0.0509594
0.00558838
0.0613062
0.114025
0.169225
0.132392
0.0217174
-0.0617754
-0.0794443
-0.0635854
-0.0589125
-0.0234613
0.0241056
0.0612388
0.0478597
0.0171582
0.0242867
0.0774513
0.105678
0.0897145
0.0723264
0.0552687
0.0179204
-0.0324641
-0.0569292
-0.0247852
0.00294427
-0.00556951
-0.0276439
-0.0438502
-0.0657176
-0.0827
-0.104118
-0.0926783
-0.0419987
0.00296266
0.00302897
-0.0184012
-0.034978
-0.0464291
-0.0331106
-0.00443438
0.0433519
0.0886553
0.0763722
0.0272638
0.00579332
0.0238528
0.0483626
0.0523928
0.0139584
-0.006095
-0.00236826
-0.00445828
-0.0139088
-0.0570714
-0.104872
-0.116554
-0.0804793
-0.0507443
-0.0216694
-0.0553638
-0.132216
-0.159273
-0.111624
-0.0653053
-0.0215728
-0.01604
-0.0409571
-0.0385193
0.0143091
0.0737726
0.0908002
0.0839029
0.0865264
0.10695
0.13288
0.145251
0.0897636
0.0108508
-0.0589166
-0.119687
-0.0796728
-0.00918772
0.0481803
0.116418
0.143353
0.101992
0.0654922
0.0271573
-0.0120508
-0.0507275
-0.0852911
-0.112243
-0.137027
-0.15912
-0.136901
-0.096803
-0.0624251
-0.0248164
0.00991107
0.0157947
0.00340538
-0.00285449
-0.0133134
0.00889844
0.0711617
0.124684
0.184812
0.206473
0.1501
0.0963525
0.0428861
-0.00729091
-0.0153039
-0.0115989
-0.0126176
-0.00974156
-0.0088048
-0.00688919
-0.0163712
-0.0441922
-0.0581763
-0.0616997
-0.0680067
-0.0688696
-0.0448853
-0.0140515
0.015261
0.0257769
-0.0157934
-0.0557963
-0.0969557
-0.102301
-0.0540688
-0.0136573
0.0272443
0.0275631
0.00646486
-0.00591219
-0.00977757
-0.00927149
-0.00934004
-0.00885362
0.0212781
0.0787306
0.13108
0.163651
0.121397
0.0738311
0.0278628
-0.00152993
0.00583144
0.011082
0.0162756
0.0234124
0.0252594
0.018373
0.0112854
0.0041764
0.00148311
0.0177207
0.0360113
0.0533571
0.0713842
0.0893139
0.106441
0.123471
0.107458
0.0586474
0.0321352
0.0522245
0.0806109
0.0768019
0.0552414
0.0364631
0.015331
-0.00889896
-0.0320484
-0.0561263
-0.0702325
-0.0633679
-0.0374346
-0.0102441
0.0167191
0.021154
0.0042445
-0.00794326
-0.0223629
-0.0366418
-0.0469282
-0.0412302
-0.0322865
-0.0254037
-0.01634
-0.0222068
-0.0456898
-0.0676227
-0.0732828
-0.0563037
-0.0416156
-0.0351195
-0.0517485
-0.0677168
-0.0847547
-0.0912333
-0.0580164
-0.028071
-0.0228878
-0.0140455
-0.00740852
-0.000317761
0.00612467
0.00963776
0.00856473
0.0097048
0.0311242
0.0839083
0.0840185
0.0329041
-0.00303244
0.00436787
0.0303916
0.035384
0.0140102
-0.00714227
-0.00739899
0.00781484
0.019361
0.0332438
0.0460993
0.0591373
0.0723704
0.0587584
-0.00867899
-0.0677074
-0.134225
-0.162409
-0.104726
-0.0357742
-0.0202928
-0.0890551
-0.155434
-0.137908
-0.0689987
-0.0240614
-0.0309014
-0.0185001
0.0294247
0.0641922
0.0982342
0.0860277
0.0664448
0.0506933
0.0567374
0.0738069
0.0869105
0.081034
0.063685
0.0495108
0.0521189
0.0770567
0.0788685
0.0460955
0.0147732
-0.0168179
-0.0490718
-0.0814891
-0.0943555
-0.0551475
-0.0139437
0.01608
0.00961667
-0.000868969
-0.0115861
0.0034363
0.040446
-0.00251126
-0.0634641
-0.113503
-0.1663
-0.133816
-0.0653629
-0.00780859
0.01001
-0.0347861
-0.0406217
-0.0384618
-0.0407001
-0.0394408
-0.0402798
-0.0279635
0.0230503
0.0785782
0.100735
0.0628299
0.0617799
0.0751597
0.0253623
-0.0301658
-0.000242956
0.0338099
0.0652287
0.0386209
-0.0369728
-0.0920209
-0.117906
-0.137471
-0.158832
-0.173162
-0.117182
-0.027497
0.0478858
0.106759
0.119607
0.134593
0.143246
0.128147
0.0802901
0.0441302
-0.028985
-0.157804
-0.230129
-0.18503
-0.0916403
0.0171634
0.0611126
-0.00731524
-0.0705764
-0.0350253
0.055987
0.112328
0.162893
0.139687
0.0946169
0.139221
0.233673
0.323827
0.433617
0.520816
0.595675
0.454076
0.247945
0.042531
-0.670943
-0.540531
-1.00382
-0.982371
-0.490972
-0.587395
-0.0443144
-0.13904
-0.166041
-0.0574314
0.0908904
0.225584
0.380479
0.511266
0.531518
0.474028
0.361726
0.162442
0.0203861
-0.096443
-0.246536
-0.258526
-0.150373
-0.111589
-0.11246
-0.0946187
-0.0635168
-0.0535301
-0.0464093
-0.113694
-0.180004
-0.176162
-0.160991
-0.205835
-0.295398
-0.362831
-0.335112
-0.262982
-0.19418
0.103101
0.411274
0.610264
0.597515
0.392083
0.206754
0.172495
0.248301
0.292552
0.213613
0.0670717
-0.033329
-0.101987
-0.127061
-0.208639
-0.391235
-0.423132
-0.23873
-0.0852745
0.0899944
0.205039
0.155375
0.114235
0.21553
0.345484
0.349249
0.149262
-0.0455791
-0.204393
-0.275674
-0.301496
-0.332519
-0.261371
-0.0973985
0.0509315
0.123322
0.00609216
-0.108318
-0.10077
0.0906396
0.25827
0.447308
0.563742
0.457663
0.156192
-0.123834
-0.317565
-0.442149
-0.461734
-0.339084
-0.157183
0.019394
0.195917
0.335781
0.32828
0.230847
0.120761
-0.0471913
-0.23795
-0.298261
-0.161
0.138981
0.375937
0.519841
0.458307
0.258943
0.0608812
-0.0948785
-0.079804
-0.0283166
-0.0423311
-0.137107
-0.244744
-0.284781
-0.224699
-0.157623
-0.159765
-0.177004
-0.180636
-0.116629
-0.0494408
0.0188255
0.0886346
0.18165
0.261881
0.359061
0.317082
0.0707383
-0.142744
-0.187644
-0.140798
-0.150306
-0.197524
-0.171017
-0.0975171
-0.0307896
-0.0452269
-0.162197
-0.271281
-0.352703
-0.281696
-0.177224
-0.0286536
0.18261
0.176056
0.0821771
0.131805
0.254609
0.357125
0.466238
0.416858
0.270455
0.144178
0.0033133
-0.152818
-0.314017
-0.413815
-0.340629
-0.307078
-0.349449
-0.422201
-0.394705
-0.200278
0.139661
0.391174
0.481155
0.414732
0.231772
0.12218
0.0450088
-0.00807812
-0.0717461
-0.0741141
0.000226774
0.0691774
0.183043
0.322832
0.451423
0.58472
0.721335
0.729268
0.571535
0.397045
0.242198
0.199932
0.213204
0.23339
0.224878
0.164258
0.0863701
-0.0146653
-0.14061
-0.249907
-0.352512
-0.341753
-0.271652
-0.226646
-0.226322
-0.251429
-0.325972
-0.364739
-0.320667
-0.28872
-0.251774
-0.234062
-0.241257
-0.163301
-0.0614068
-0.00315491
-0.0131055
-0.0843829
-0.137938
-0.191509
-0.0577577
0.143871
0.318808
0.385059
0.331685
0.30167
0.258237
0.217163
0.177633
0.135827
0.0304436
-0.157615
-0.363612
-0.552
-0.531496
-0.399507
-0.319095
-0.247037
-0.0792677
0.129135
0.325813
0.471044
0.432116
0.391188
0.357429
0.333819
0.315156
0.194023
0.0214906
-0.0507694
-0.0415579
-0.0788341
-0.196976
-0.363646
-0.430576
-0.279805
-0.110061
-0.050764
-0.200545
-0.267046
-0.0321448
0.291674
0.113127
-0.482606
-0.866312
-0.796928
-0.441319
-0.343455
-0.305729
-0.0790201
0.182767
0.238569
-0.046302
-0.319366
-0.295356
-0.0114174
0.339047
0.647625
1.002
0.372486
0.041741
-0.191888
-0.306689
-0.319216
-0.22645
-0.0750994
0.0380902
0.0798904
0.0512529
-0.0027255
0.0049307
0.0772199
0.135972
0.178429
0.112471
0.0420622
0.0859956
0.178854
0.228598
0.192597
0.135253
0.0764093
0.0179056
0.108225
0.25813
0.252649
0.122321
0.0381815
0.00275944
-0.0207293
-0.0679234
-0.162357
-0.253294
-0.245749
-0.20427
-0.132149
-0.00937945
0.0806005
0.0451237
-0.0348702
-0.0543561
0.0401761
0.155672
0.226376
0.215944
0.194473
0.177503
0.176031
0.209401
0.194062
0.108943
0.0283324
-0.0553292
-0.104757
-0.125609
-0.152768
-0.230487
-0.388174
-0.497057
-0.416748
-0.269799
-0.163764
-0.102039
-0.123876
-0.178352
-0.241596
-0.239854
-0.164623
-0.0672653
0.0731294
0.225915
0.186559
-0.036476
-0.209696
-0.317219
-0.359905
-0.28582
-0.187568
-0.159571
-0.171608
-0.175809
-0.186438
-0.16077
-0.0473793
0.0738799
0.150965
0.123427
0.0862513
0.0151842
-0.0159383
0.0247973
-0.0277909
-0.156706
-0.233646
-0.249868
-0.269572
-0.197999
-0.0879306
0.00833458
0.122323
0.287882
0.377752
0.407223
0.425377
0.405088
0.395567
0.36627
0.244142
0.0820239
0.0135568
0.0531068
0.0427718
0.00183323
-0.00992316
0.0676722
0.179078
0.250173
0.219794
0.16512
0.122073
0.0696945
0.0146876
-0.117157
-0.276884
-0.371966
-0.391078
-0.326477
-0.252369
-0.114134
0.0578905
0.211919
0.27178
0.258266
0.264077
0.198632
0.0914878
-0.00247847
-0.0972617
-0.187541
-0.281319
-0.319882
-0.251828
-0.189356
-0.124077
-0.0751873
-0.0958635
-0.125626
-0.126437
-0.0318972
0.0810541
0.181878
0.228464
0.220364
0.22243
0.245821
0.279568
0.310107
0.32875
0.286943
0.235758
0.181203
0.034669
-0.153696
-0.318891
-0.432739
-0.490545
-0.448384
-0.368353
-0.244771
-0.0574651
0.0373711
0.0864218
0.127205
0.100471
0.0600845
0.113033
0.200301
0.281686
0.30257
0.237431
0.183973
0.125958
0.0669575
0.0241731
0.0542243
0.0985292
0.138872
0.164716
0.13497
0.10226
0.101216
0.114638
0.124094
0.102183
0.0573049
0.0626705
0.0697196
0.027752
-0.00710422
-0.0659275
-0.182187
-0.299236
-0.265054
-0.122191
-0.00779119
0.122666
0.247833
0.352442
0.311675
0.219913
0.18454
0.208116
0.232883
0.202239
0.116478
0.042599
-0.0241008
0.0146204
0.0842827
0.143394
0.149584
0.0830549
0.0308632
-0.0282461
-0.0355441
0.00681606
0.0391814
0.0758815
0.11238
0.147714
0.178863
0.15225
0.0920137
0.0433707
-0.0126226
-0.0644734
-0.118152
-0.169286
-0.222317
-0.272179
-0.325134
-0.361676
-0.341382
-0.295628
-0.24431
-0.186794
-0.134789
-0.0769451
-0.0474863
-0.073644
-0.105695
-0.0942767
-0.0391517
0.0138502
0.0448181
0.0272622
0.00920085
-0.00810897
-0.0224706
-0.00886239
0.0118903
0.0292793
0.0495449
0.0677725
0.0871621
0.0858372
0.0586286
0.0354227
0.0101704
-0.0146815
-0.039835
-0.0642294
-0.0900955
-0.107064
-0.0897476
-0.0637857
-0.0446136
-0.0358391
-0.0365348
-0.0324799
-0.033347
-0.0302867
-0.0279343
0.041157
0.145224
0.244075
0.27027
0.164643
0.0804183
0.0447159
0.0576404
0.0998077
0.145632
0.18607
0.233658
0.237855
0.173075
0.109788
0.048291
-0.0148227
-0.0358843
-0.0333345
-0.0373434
-0.0361762
-0.0558242
-0.109415
-0.158224
-0.208409
-0.258589
-0.294148
-0.262901
-0.219684
-0.178947
-0.120974
-0.0474616
-0.0343874
-0.120606
-0.203375
-0.26851
-0.260291
-0.232243
-0.213208
-0.185069
-0.156094
-0.124824
-0.095576
-0.0645969
-0.0362819
-0.0142536
-0.000889968
0.0159446
0.0358538
0.0904328
0.148512
0.18862
0.109655
-0.00412244
-0.105458
-0.159881
-0.166778
-0.169175
-0.140025
-0.11481
-0.0896389
-0.0621347
-0.0308382
0.00263696
0.0328288
0.0806461
0.14975
0.217798
0.198874
0.0980097
0.0156962
-0.0763367
-0.163635
-0.254093
-0.308572
-0.251826
-0.183331
-0.121415
-0.0518883
0.0092684
0.00299838
-0.0482388
-0.0848849
-0.12294
-0.0972204
-0.0504181
-0.0108836
0.0342033
0.0700654
0.0404141
-0.0205492
-0.00938502
0.0519942
0.102893
0.1611
0.192662
0.138689
0.0782133
0.0208495
-0.0405809
-0.0965711
-0.0892919
-0.0421914
-0.0215892
-0.0525326
-0.0933516
-0.154679
-0.236986
-0.31573
-0.336572
-0.270135
-0.216717
-0.159305
-0.106835
-0.0552947
-0.00575163
0.0191177
0.0200739
0.0287926
0.0319463
0.0424881
0.0769668
0.120294
0.140644
0.157961
0.175611
0.193759
0.212456
0.220461
0.192648
0.165002
0.146161
0.158087
0.174577
0.191086
0.208829
0.227959
0.246183
0.266662
0.272868
0.263752
0.257438
0.236448
0.187056
0.141817
0.0968596
0.104054
0.148646
0.181834
0.218881
0.212993
0.177817
0.149872
0.116534
0.0839048
0.0496406
0.0202232
0.0121098
0.00788959
6.91975e-05
-0.00666107
-0.0156709
-0.0252361
-0.0359897
-0.0476844
-0.0600697
-0.0735385
-0.0907995
-0.128283
-0.122332
-0.0564817
-0.00387424
0.0563951
0.0863759
0.066148
0.0478845
0.0289798
0.00872194
-0.00962782
-0.0276089
-0.0432441
-0.0308054
-0.00196139
0.0242929
0.03094
-0.0111569
-0.0439792
-0.0342725
-0.00760137
0.0123778
0.0408677
0.0481691
0.0114479
-0.0290487
-0.0644018
-0.102017
-0.112986
-0.114995
-0.116991
-0.119839
-0.10136
-0.039743
0.0185618
0.00147954
-0.0590336
-0.0849734
-0.0930329
-0.101794
-0.110331
-0.117131
-0.125608
-0.0976713
-0.0389313
0.0134645
0.0550736
0.0384401
0.0106887
-0.0125525
-0.0401949
-0.0665344
-0.0879983
-0.0643147
-0.0192496
-0.0160119
-0.0552896
-0.0893236
-0.127347
-0.163891
-0.201696
-0.192274
-0.136236
-0.0886508
-0.0391365
0.0190266
0.0634855
0.0482279
0.0352259
0.0193836
-0.00452417
-0.0284425
-0.0521491
-0.0722591
-0.0624618
-0.0447759
-0.0308099
-0.0142826
0.000148867
0.0157904
0.0290861
0.0444174
0.017964
-0.0181385
0.0223326
0.0503025
0.0312494
0.000514283
-0.0255806
-0.0449353
-0.0213892
0.00163713
0.0264177
0.0390408
0.0340056
0.0304256
0.0146798
-0.0417558
-0.0951904
-0.147463
-0.141313
-0.0968468
-0.0629675
-0.053617
-0.0654262
-0.0712885
-0.0800017
-0.0869707
-0.0944509
-0.0919625
-0.072863
-0.0549906
-0.0361731
-0.0173838
0.000406236
-0.00523666
-0.0280105
-0.0287303
0.0306386
0.097452
0.159512
0.188532
0.185686
0.191952
0.192523
0.195455
0.196559
0.199329
0.199816
0.202572
0.202306
0.205639
0.194437
0.143821
0.0803512
0.0737099
0.126319
0.174305
0.177758
0.119739
0.0704692
0.0160527
-0.0196412
-0.0145354
-0.00910663
-0.00458582
-0.000990349
-0.0223933
-0.0515608
-0.0770483
-0.102418
-0.0890076
-0.0541133
-0.0259488
0.00630397
0.0351514
0.0584342
0.0811649
0.103952
0.125365
0.130004
0.122893
0.119194
0.113428
0.108373
0.101705
0.0824364
0.0580978
0.0355659
0.0224751
0.0223563
0.0199414
0.0182759
0.0171754
0.00524095
-0.0300829
-0.0654316
-0.0999733
-0.13548
-0.139596
-0.112289
-0.0921746
-0.0680551
-0.0458019
-0.0225901
-0.00120624
0.0223037
0.0289068
0.00223886
-0.0250826
-0.0478337
-0.0424412
-0.0230739
-0.00929374
0.00853458
0.01819
-0.00646277
-0.041628
-0.0719083
-0.105585
-0.135438
-0.120228
-0.0663978
-0.0259284
0.0230874
0.0284157
-0.00139519
-0.0274523
-0.0382774
-0.00300234
0.0389241
0.0611015
0.048686
0.0321658
0.0183183
-0.0072929
-0.0356548
-0.0642172
-0.0855075
-0.092737
-0.0989105
-0.106061
-0.111416
-0.118081
-0.12335
-0.129743
-0.134612
-0.140339
-0.129972
-0.109887
-0.0847214
-0.0475662
-0.0165519
-0.0225684
-0.0440701
-0.0591197
-0.0791179
-0.0729751
-0.0364095
-0.00448353
0.0294939
0.0631669
0.0962058
0.115163
0.121816
0.131511
0.138991
0.148024
0.142647
0.107189
0.0719583
0.0373624
0.00142738
-0.0331726
-0.0682406
-0.102688
-0.133881
-0.122403
-0.0865264
-0.0590367
-0.0257114
-0.00356758
-0.0174096
-0.0410742
-0.0593223
-0.0801086
-0.0580499
-0.0111955
0.0281054
0.0721042
0.101505
0.0976816
0.0931769
0.0891874
0.0835114
0.0787016
0.0734818
0.0682049
0.0646991
0.080317
0.0993118
0.0977004
0.0975987
0.0965886
0.0954567
0.0939938
0.0896189
0.0555961
0.01116
-0.0301977
-0.0662579
-0.0729379
-0.0750669
-0.0794944
-0.0818359
-0.0851264
-0.0902817
-0.101757
-0.113743
-0.120156
-0.116342
-0.113231
-0.109776
-0.10627
-0.103053
-0.0954144
-0.0733431
-0.0512608
-0.0291286
-0.00722927
0.0155459
0.0278874
0.00418265
-0.0259091
-0.0523503
-0.0819763
-0.109471
-0.133961
-0.126617
-0.107518
-0.0925384
-0.0745422
-0.0580694
-0.0403906
-0.0417921
-0.0799701
-0.114568
-0.150175
-0.148557
-0.110104
-0.0796352
-0.044765
-0.0115247
0.0226525
0.0345763
0.019469
0.00859753
-0.00400921
-0.0163573
-0.0284263
-0.0400107
-0.0519567
-0.0630225
-0.0727971
-0.0546432
-0.0185731
0.0115504
0.0444016
0.0403616
0.00616314
-0.0197408
-0.0494575
-0.0479958
-0.0219035
-0.0018099
0.0215068
0.043839
0.0664253
0.0882359
0.110847
0.118024
0.106888
0.0985826
0.088973
0.0794368
0.0700378
0.0607598
0.0512681
0.0421023
0.0326014
0.0235366
0.0137844
0.00949459
0.0199971
0.0311319
0.0416094
0.0527105
0.0633157
0.0737155
0.0842026
0.0942851
0.100906
0.0758777
0.0515652
0.0760522
0.104021
0.129812
0.158189
0.184764
0.211714
0.237836
0.265021
0.277253
0.243298
0.204738
0.168957
0.130973
0.107108
0.0905646
0.0718842
0.0547004
0.0371686
0.019768
0.00168003
-0.0350065
-0.0899261
-0.121222
-0.0965095
-0.0672474
-0.0592905
-0.0536088
-0.0480795
-0.0430321
-0.0379192
-0.0325139
-0.0274232
-0.021992
-0.0167224
-0.0113497
-0.00581325
-0.00705992
-0.0185093
-0.0281227
-0.0365622
-0.0354186
-0.032836
-0.030324
-0.0278606
-0.0244257
-0.0311578
-0.062266
-0.0838622
-0.0739238
-0.0624742
-0.0515808
-0.0392534
-0.0276301
-0.015929
-0.00403891
0.00758041
0.0193958
0.0311022
0.040642
0.0378915
0.0323703
0.0279767
0.0227457
0.0178561
0.0129856
0.0080372
0.00318194
-0.00173017
-0.00671769
-0.00979876
-0.00272403
0.00672747
0.0149803
0.0239842
0.032389
0.0408289
0.0489496
0.0570675
0.0647577
0.0725937
0.0797157
0.0875842
0.0874038
0.0641669
0.0384058
0.0142318
-0.0119916
-0.0366896
-0.0624867
-0.0801974
-0.0936416
-0.0898666
-0.0436491
0.00117537
0.0269512
0.0425262
0.0605473
0.0566614
0.0324885
0.0123498
-0.0102133
-0.0178083
-0.00747226
-0.000463469
0.00792537
0.0159516
0.0240243
0.0268644
0.0101809
-0.0015348
0.0144742
0.0330562
0.0497881
0.0680223
0.0589242
0.0258518
-0.00171632
-0.0280725
-0.0228186
-0.00630265
0.00562381
0.0212653
0.0146329
-0.0216544
-0.0527616
-0.0821997
-0.0755135
-0.0534096
-0.0360496
-0.0188094
-0.025634
-0.0410867
-0.0525298
-0.0655672
-0.0618027
-0.0493088
-0.039026
-0.0289992
-0.0323718
-0.0397756
-0.044978
-0.0523207
-0.0582395
-0.0646594
-0.0701864
-0.0760926
-0.081081
-0.0864725
-0.0909192
-0.0957899
-0.0996763
-0.104045
-0.107341
-0.111252
-0.113911
-0.117087
-0.111923
-0.10329
-0.0847632
-0.048085
-0.0126836
0.022195
0.0581915
0.0841714
0.0681768
0.0418657
0.0262984
0.0134185
0.00195433
-0.00988401
-0.0205534
-0.0319794
-0.0418786
-0.053055
-0.0502168
-0.0254455
-0.00249981
0.0208764
0.0369194
0.0215273
0.00155798
-0.00698241
-0.011454
-0.0167766
-0.0208947
-0.0256452
-0.0296656
-0.0342636
-0.0379314
-0.0425369
-0.0455816
-0.0493789
-0.0377201
0.00116887
0.0408758
0.0578123
0.0449131
0.0348107
0.0234505
0.0160952
0.0235593
0.0324941
0.0400081
0.0483304
0.0555833
0.0631772
0.074211
0.0869331
0.0981736
0.10949
0.119789
0.129801
0.138904
0.14774
0.155609
0.16328
0.169996
0.174413
0.156672
0.128796
0.105108
0.0809058
0.0666422
0.0560451
0.0445747
0.0342237
0.0246824
0.0261842
0.0338267
0.0389281
0.0449732
0.0500018
0.0548546
0.0591332
0.0608068
0.0576069
0.0550655
0.0518876
0.0490079
0.0456344
0.0428427
0.0374335
0.0181547
-0.00669872
-0.00921122
-0.000203666
0.0062994
0.0052711
-0.0148606
-0.0337131
-0.0516261
-0.0642041
-0.0690645
-0.0747694
-0.0795804
-0.0840442
-0.0881352
-0.0919197
-0.0951893
-0.0982255
-0.100601
-0.101528
-0.101441
-0.10149
-0.10103
-0.100572
-0.0997283
-0.0988598
-0.0976213
-0.0963955
-0.0943962
-0.0893334
-0.0830089
-0.0777366
-0.0721868
-0.0674636
-0.061619
-0.0530163
-0.0445353
-0.0375535
-0.0307243
-0.0283651
-0.0306437
-0.0322744
-0.03373
-0.0351063
-0.035946
-0.0334678
-0.0278671
-0.0283839
-0.0326113
-0.0346087
-0.0349291
-0.0351648
-0.0349593
-0.0346723
-0.0340558
-0.0333911
-0.0323932
-0.0313934
-0.0300704
-0.0287791
-0.0271795
-0.0256227
-0.0234644
-0.021268
-0.0189753
-0.0168399
-0.0145536
-0.0124611
-0.0102029
-0.00814392
-0.00591215
-0.003876
-0.00167078
0.000318164
0.00247938
0.00441562
0.00652634
0.00840422
0.0105324
0.0124624
0.0145034
0.016266
0.0181659
0.0197776
0.0215341
0.0229411
0.0244771
0.0257632
0.0272216
0.0283955
0.029737
0.0307723
0.0319826
0.0328583
0.0338745
0.0345251
0.0353129
0.0357364
0.0363077
0.0364913
0.0368223
0.0367454
0.0368195
0.0364657
0.0362634
0.0356131
0.0351244
0.0341685
0.0333874
0.0321189
0.0310428
0.0294554
0.0280838
0.0261727
0.0245096
0.0222705
0.0203261
0.0177528
0.0155476
0.0126229
0.0102059
0.00685794
0.00444782
-3.25972e-05
