-0.0283251
0.00726585
-0.00397606
0.00121265
-0.00407641
-0.00166919
-0.00540172
-0.00397505
-0.00690449
-0.00620057
-0.00891269
-0.00838838
-0.0105684
-0.0111839
-0.0142966
-0.0111732
-0.00678685
-0.00449717
-0.012868
-0.0258288
-0.0369785
-0.0348855
-0.0263821
-0.0239874
-0.0377066
-0.0497384
-0.0430949
-0.0287768
-0.0265983
-0.0159087
0.0131765
0.0255404
0.0032011
-0.0076227
0.0299087
0.0658052
0.0497531
0.010119
-0.0317143
-0.0441841
0.0064915
0.0734232
0.0753642
0.0479199
0.0509154
0.0686454
0.0746744
0.0773717
0.0786826
0.0687963
0.0554461
0.0656602
0.0964033
0.127286
0.130303
0.0873662
0.0225051
-0.00336374
0.0173244
0.0451727
0.0450221
-0.00888372
-0.0360109
0.0217002
0.0721715
0.0775985
0.0132965
-0.154291
-0.256937
-0.15411
-0.00251099
0.0364957
-0.0396349
-0.0888667
-0.0653636
-0.0439838
-0.045664
-0.0501899
-0.0486654
-0.0444675
-0.047412
-0.0557424
-0.0394116
0.0178905
0.0240549
-0.0783699
-0.214008
-0.276135
-0.239499
-0.160249
-0.0829936
-0.0400397
-0.122839
-0.290696
-0.314629
-0.133991
0.0407853
0.0375868
-0.127952
-0.239852
-0.131653
0.118755
0.25533
0.143061
-0.0693972
-0.124682
0.029435
0.15388
0.134951
0.0553519
0.0168472
0.0362253
0.116771
0.178519
0.169692
0.171059
0.206985
0.227172
0.223283
0.21814
0.223429
0.225337
0.187189
0.118808
0.0754666
0.019186
-0.0384142
-0.0388059
-0.0123228
0.0329076
0.126639
0.158039
0.0548142
-0.04123
-0.0924123
-0.114879
-0.0468588
0.057627
0.0535761
-0.0720084
-0.180515
-0.11491
0.0494594
0.173597
0.197432
0.101872
-0.0496499
-0.160951
-0.203016
-0.156927
-0.0457903
0.072506
0.120712
0.122575
0.122544
0.140344
0.16759
0.156637
0.0888176
0.00990811
-0.0195667
0.0528062
0.172159
0.253443
0.306292
0.32801
0.160611
-0.154681
-0.313056
-0.195966
0.00272298
0.0823874
0.054148
-0.00491408
-0.0766303
-0.116838
-0.0598579
0.0823687
0.207971
0.22786
0.158583
0.0846377
0.0729363
0.0824656
0.0333866
-0.081436
-0.146945
-0.112873
-0.0198806
0.0313709
-0.0463723
-0.19268
-0.286862
-0.259311
-0.0907735
0.0149253
-0.0145286
-0.046144
-0.0421044
-0.0361263
-0.0569327
-0.0854204
-0.102184
-0.115715
-0.1238
-0.133735
-0.119614
-0.0841294
-0.090498
-0.171277
-0.246551
-0.178007
0.0134677
0.118758
0.0610226
-0.0691467
-0.180048
-0.300305
-0.35092
-0.19064
0.0104357
0.0134796
-0.0446643
-0.0116583
0.0565008
0.102505
0.0491628
-0.0750229
-0.167235
-0.214243
-0.206489
-0.0920565
0.0640206
0.103339
-0.0170745
-0.153051
-0.152922
0.011282
0.221702
0.367779
0.422421
0.378104
0.215874
0.0247269
-0.107033
-0.170222
-0.17915
-0.0861005
0.0221272
0.0800819
0.0900013
0.0344612
-0.0405607
-0.0831593
-0.103828
-0.138705
-0.186376
-0.218842
-0.22373
-0.171873
-0.0415667
0.0873932
0.100148
0.0460268
-0.0174795
-0.0423964
0.0193765
0.0678007
0.017554
-0.0889326
-0.116339
-0.0548383
0.0296991
0.100141
0.0716228
-0.100039
-0.263685
-0.260629
-0.172796
-0.145824
-0.170698
-0.169604
-0.12779
-0.118833
-0.179603
-0.280434
-0.381438
-0.38475
-0.274699
-0.172084
-0.140976
-0.141881
-0.14177
-0.137935
-0.122511
-0.0736684
0.0564551
0.229109
0.328352
0.267681
0.0594938
-0.10031
-0.12456
-0.0599694
0.0128172
0.0103017
0.0364726
0.171547
0.281686
0.242452
0.108551
0.0270081
0.0379812
0.0743315
0.10275
0.12741
0.175082
0.235926
0.210146
0.0649388
-0.0867435
-0.155529
-0.0645645
0.0926897
0.154438
0.130213
0.0885306
0.0732742
0.0558696
0.012742
0.00863673
0.0867237
0.165276
0.114082
-0.0479188
-0.133768
-0.0913585
-0.045532
-0.0884326
-0.172312
-0.244468
-0.244761
-0.154485
-0.0233933
0.025771
-0.0383729
-0.153373
-0.272195
-0.335221
-0.304195
-0.207592
-0.114011
-0.0711517
-0.000100264
0.0938102
0.125414
0.094368
0.0863065
0.134234
0.199968
0.205666
0.167035
0.129881
0.122073
0.0765945
0.0663252
0.170531
0.187062
0.045214
-0.114886
-0.171507
-0.146548
-0.0412743
0.151516
0.289787
0.256757
0.155935
0.125939
0.17418
0.0949597
-0.147972
-0.251314
-0.131078
0.00578921
0.0691024
0.0863464
0.0580106
0.012605
0.0747133
0.246585
0.382894
0.387038
0.266407
0.0784881
-0.0440915
0.0494188
0.285538
0.463509
0.424442
0.166091
-0.0571157
-0.0875439
-0.028467
0.0875019
0.194645
0.147155
0.0195021
-0.00524494
0.126819
0.23712
0.131204
-0.0915893
-0.162998
-0.0580507
0.0189963
0.0446972
0.023463
-0.0249619
-0.0158636
0.0517597
0.0987458
0.0670079
-0.0293027
-0.0695762
0.0634991
0.263815
0.338785
0.28627
0.183129
0.120366
0.0990111
0.0635522
-0.0191269
-0.132692
-0.156931
-0.0774423
0.0383751
0.158299
0.187544
0.134316
0.0924584
0.0790112
0.0494897
-0.0412534
-0.185992
-0.268191
-0.240577
-0.0721411
0.113416
0.2502
0.392917
0.442631
0.359192
0.23392
0.134699
0.0296513
-0.0540152
-0.0826537
-0.0864676
-0.0926484
-0.0996112
-0.0954208
-0.0716857
-0.0480023
-0.031835
0.0139385
0.0447035
0.00566339
-0.105309
-0.242345
-0.321241
-0.282656
-0.207013
-0.15149
-0.0798242
0.0535512
0.179726
0.177825
0.0947921
0.00892598
-0.0735172
-0.132806
-0.154482
-0.160349
-0.154517
-0.119102
-0.0729757
-0.100783
-0.301181
-0.449718
-0.355767
-0.199782
-0.126825
-0.0922099
-0.0667104
-0.114829
-0.263807
-0.337338
-0.238587
-0.0982977
0.0179461
0.127219
0.177907
0.0803386
-0.0626311
-0.140668
-0.138657
-0.0734098
0.00663989
0.00147335
-0.113123
-0.252303
-0.259601
-0.0699374
0.183514
0.359884
0.304795
0.0174737
-0.2456
-0.332894
-0.238241
-0.0318857
0.100791
0.0942718
0.0410773
-0.0122466
-0.0575155
-0.0184044
0.121276
0.296391
0.418905
0.42876
0.349847
0.255916
0.190259
0.112528
0.105449
0.179064
0.19349
0.118438
0.0982996
0.106904
0.0973347
0.117424
0.198086
0.22588
0.123586
0.0304739
0.0452902
0.113068
0.10821
0.0640473
-0.00438051
-0.1086
-0.144921
-0.123029
-0.119119
-0.0969548
-0.0559425
-0.0257537
-0.0254081
-0.00593327
0.0426526
0.0457463
-0.0159035
-0.0211438
0.0135863
0.0351334
0.0799095
0.0994973
-0.000855623
-0.191946
-0.307601
-0.244663
-0.145016
-0.124845
-0.112771
-0.0204736
0.110002
0.169942
0.13606
0.053204
-0.0374083
-0.0421099
0.0496632
0.1231
0.115925
0.0866421
0.0768384
0.0418737
-0.0276056
-0.099125
-0.119021
-0.0919703
-0.00221586
0.0537658
-0.0283526
-0.11614
-0.0245663
0.159271
0.211743
0.0973726
0.0404251
0.104692
0.126721
0.0512073
0.0296639
0.12012
0.201271
0.250276
0.268774
0.281778
0.267912
0.148991
-0.0437947
-0.157776
-0.0769674
0.0513692
0.0742237
0.0067284
-0.145693
-0.33253
-0.454154
-0.34859
-0.0887678
0.0432259
0.130035
0.235603
0.289948
0.230626
0.100016
0.0104639
-0.00907422
-0.00520847
-0.0534195
-0.144385
-0.155609
-0.0745274
-0.0487074
-0.0063583
0.0603761
0.0462589
-0.0315545
0.00017605
0.112817
0.0830748
0.0291722
0.0705544
0.158902
0.172076
0.0660351
0.00333232
-0.0238217
-0.0803854
-0.168953
-0.150258
-0.00218969
0.102028
0.108662
0.0127147
-0.195178
-0.391334
-0.353585
-0.138525
0.0615028
0.0967179
0.0555169
0.0400632
-0.00890623
-0.0562406
-0.126098
-0.144312
-0.0295252
0.116883
0.173905
0.108044
0.0337293
-0.00664125
-0.0928134
-0.155625
-0.121725
-0.0357728
0.0759434
0.13929
0.0866616
0.0210072
-0.0460112
-0.127804
-0.227981
-0.292903
-0.205103
0.0283243
0.148995
0.0608029
0.0537448
0.169307
0.254729
0.295467
0.294774
0.25503
0.249439
0.273273
0.15442
-0.0711852
-0.151266
-0.0991117
-0.0259592
0.0314713
0.105854
0.195515
0.205437
0.169355
0.15869
0.0992495
-0.0107754
-0.0477031
-0.0462205
-0.0200784
0.158895
0.408917
0.548783
0.505813
0.307508
-0.0257379
-0.388918
-0.594334
-0.619556
-0.59922
-0.547672
-0.437104
-0.347479
-0.300308
-0.252488
-0.154645
0.0108863
0.136623
0.19274
0.263296
0.237103
0.0440364
-0.130771
-0.173119
-0.173513
-0.166011
-0.0383623
0.158122
0.207736
0.186098
0.0926344
-0.091544
-0.293183
-0.496791
-0.555628
-0.342161
-0.0240379
0.24386
0.288036
0.134829
-0.0116923
-0.0428435
-0.0588923
-0.135388
-0.182152
-0.0669379
0.105688
0.223759
0.281365
0.216028
0.0709637
-0.0484998
-0.111032
-0.111549
-0.00553631
0.144769
0.204892
0.148549
0.0732536
0.0533891
0.11161
0.162123
0.0612996
-0.180268
-0.431551
-0.594466
-0.552636
-0.291238
0.0134178
0.170138
0.240191
0.400572
0.602152
0.651616
0.541475
0.275401
-0.116335
-0.327917
-0.368031
-0.337021
-0.0507518
0.363865
0.567175
0.477983
0.279217
0.106937
-0.0722095
-0.223486
-0.313061
-0.398873
-0.494521
-0.42697
-0.195763
0.0153984
0.15748
0.232656
0.24093
0.231937
0.165373
-0.00130822
-0.158761
-0.223086
-0.220394
-0.175585
-0.10286
-0.0690047
-0.147008
-0.265121
-0.32546
-0.368995
-0.309874
-0.213356
-0.183249
-0.13886
0.00318449
0.151296
0.183131
0.139721
0.0934449
0.0425878
-0.00740495
-0.026931
-0.081101
-0.214853
-0.360688
-0.402683
-0.298944
-0.0217476
0.342193
0.599783
0.694196
0.743716
0.713275
0.588011
0.365043
-0.035242
-0.350297
-0.316411
-0.189371
-0.118479
-0.12046
-0.167326
-0.236674
-0.352284
-0.421878
-0.333593
-0.106187
0.126419
0.250575
0.198055
0.122661
0.166764
0.209077
0.17145
0.0525219
-0.108119
-0.327528
-0.506272
-0.52853
-0.416956
-0.253803
0.0230515
0.27413
0.325525
0.147157
-0.236238
-0.565945
-0.56802
-0.333485
-0.190419
-0.218974
-0.181911
0.0549651
0.214101
0.00379587
-0.280749
-0.0202301
0.662584
0.890648
0.620708
0.242357
0.21069
0.372969
0.36034
0.0780699
-0.184223
-0.178247
-0.122583
-0.220852
-0.353962
-0.410317
-0.387348
-0.26685
0.00499787
0.25462
0.264829
0.153719
0.0823191
-0.00334559
-0.148245
-0.159137
-0.0684587
-0.0605682
-0.15661
-0.238064
-0.310815
-0.462352
-0.55527
-0.413322
-0.0739101
0.272919
0.491264
0.518548
0.430176
0.313523
0.167373
0.113326
0.160683
0.20045
0.133519
-0.0249593
-0.188334
-0.269573
-0.220251
-0.0497682
0.217439
0.416243
0.395031
0.178613
-0.116609
-0.345522
-0.40977
-0.301206
-0.131717
0.0296325
0.149939
0.15155
0.0711962
-0.00239177
-0.0512309
-0.0695213
-0.0607992
-0.0769582
-0.103386
-0.0693637
-0.0202425
-0.00635248
0.0756463
0.183658
0.121851
-0.0709159
-0.264575
-0.437151
-0.507545
-0.354332
-0.0182906
0.265581
0.42718
0.54569
0.637674
0.606339
0.450877
0.32071
0.203843
0.000291747
-0.186423
-0.248265
-0.221064
-0.0891204
0.0187064
0.117707
0.137692
-0.373355
-0.170226
-0.916677
-0.879762
-0.571231
-0.674655
-0.0931154
-0.0942901
-0.0239756
-0.071436
-0.124151
-0.0811307
0.0386751
0.141461
0.152677
0.0748614
-0.035519
-0.0850397
-0.095177
-0.0915543
-0.0608341
0.0107407
0.0954372
0.157479
0.121308
-0.0115414
-0.174353
-0.39474
-0.563951
-0.579426
-0.519531
-0.454488
-0.399293
-0.35805
-0.247577
-0.0389414
0.21252
0.384227
0.377163
0.299249
0.186019
0.0506958
-0.0869868
-0.186595
-0.171474
-0.0899714
-0.0109319
0.029588
0.0371251
0.0648815
0.175223
0.372992
0.56805
0.689453
0.658002
0.422423
0.0546126
-0.279514
-0.442774
-0.40288
-0.214764
0.00377512
0.134138
0.20785
0.237496
0.231262
0.131415
-0.0640624
-0.271134
-0.357915
-0.291414
-0.189912
-0.173328
-0.217636
-0.198069
-0.103708
-0.00383103
-0.0359431
-0.185849
-0.218411
-0.0796051
0.112104
0.31725
0.463213
0.42006
0.235989
0.0998197
0.0654023
0.0713639
0.0620922
0.0729978
0.0867672
0.0502878
-0.00551943
-0.0282816
0.0169397
0.0934645
0.166254
0.151908
-0.0229757
-0.23711
-0.365353
-0.403403
-0.373257
-0.305905
-0.251864
-0.173396
-0.00459833
0.176027
0.223203
0.0888428
-0.0753549
-0.205865
-0.326941
-0.389089
-0.332729
-0.169526
0.0648436
0.270131
0.291948
0.188083
0.114579
0.0647612
-0.0443126
-0.16289
-0.14661
-0.0482784
-0.0458636
-0.129687
-0.196615
-0.180686
-0.0391925
0.189958
0.393632
0.525045
0.556843
0.463282
0.258834
0.0534908
-0.00882189
0.100475
0.243173
0.334588
0.373542
0.382238
0.404976
0.321094
0.0949568
-0.177382
-0.357571
-0.459479
-0.553674
-0.643204
-0.666989
-0.549946
-0.336517
-0.102996
0.0723496
0.152895
0.181306
0.184746
0.167806
0.15441
0.128863
0.126584
0.184607
0.291501
0.375974
0.393978
0.289799
0.00916421
-0.340586
-0.587524
-0.677208
-0.626675
-0.36265
-0.00840698
0.277568
0.435288
0.39155
0.212098
-0.0133353
-0.173063
-0.176539
-0.114324
-0.107308
-0.0891185
-0.0336772
0.049341
0.156988
0.289927
0.437983
0.53734
0.534842
0.393073
0.129806
-0.106204
-0.192608
-0.133992
-0.0259932
0.0100338
-0.0888801
-0.230528
-0.242201
-0.104288
0.0407921
0.146036
0.179033
0.15462
0.120629
0.0405582
-0.136418
-0.395294
-0.623319
-0.687183
-0.569379
-0.375409
-0.22555
-0.0932552
-0.0184245
-0.0793694
-0.251691
-0.381214
-0.392953
-0.348284
-0.27444
-0.172612
-0.108269
-0.0347348
0.11356
0.239248
0.237044
0.133833
0.00900895
-0.0791956
-0.122002
-0.112836
-0.0615148
0.037941
0.186938
0.279134
0.189531
0.0372962
-0.0813172
-0.211744
-0.365985
-0.467312
-0.428252
-0.298484
-0.159536
0.0116642
0.16738
0.153296
-0.0105951
-0.0982941
-0.0572294
-0.0115738
0.0260937
0.163685
0.378137
0.540603
0.535387
0.402433
0.219052
-0.0337924
-0.237242
-0.148862
0.089016
0.247307
0.331502
0.337483
0.246383
0.145013
0.118421
0.143422
0.169924
0.111341
-0.0308454
-0.233259
-0.486037
-0.708023
-0.834501
-0.784537
-0.489793
-0.0245489
0.441609
0.757788
1.02036
0.733352
0.592697
0.419836
0.172479
-0.0969406
-0.248751
-0.279118
-0.254507
-0.128642
0.0611823
0.146269
0.117872
0.0973233
0.107413
0.125818
0.19991
0.343479
0.455071
0.475477
0.366541
0.152274
-0.0768453
-0.224253
-0.254749
-0.170024
-0.000726839
0.195571
0.333422
0.418173
0.463391
0.411662
0.19517
-0.0921047
-0.255663
-0.235518
-0.138691
-0.0971026
-0.070157
-0.0262388
-0.0740904
-0.236422
-0.40574
-0.516319
-0.557426
-0.545203
-0.474629
-0.354388
-0.222162
-0.0723982
0.0783812
0.231818
0.428169
0.576523
0.521861
0.214475
-0.19352
-0.468363
-0.518681
-0.38258
-0.147608
0.0652932
0.115533
0.0376587
-0.0547639
-0.16292
-0.178632
0.0407382
0.314639
0.409399
0.410592
0.407711
0.285613
0.103679
0.0126723
0.0169942
0.0428933
0.0577446
0.0665902
0.0772257
0.0767658
0.0246158
-0.0881173
-0.185152
-0.206391
-0.120063
0.136009
0.474903
0.650844
0.56283
0.340605
0.0974834
-0.171101
-0.427628
-0.583179
-0.534554
-0.301735
-0.0429611
0.107385
0.117626
0.0892338
0.108708
0.0826053
-0.0171267
-0.10773
-0.0966305
-0.0213873
0.0850093
0.246635
0.376732
0.40131
0.388383
0.379202
0.323945
0.195816
-0.00573665
-0.187963
-0.202314
-0.112003
-0.0186662
0.0779546
0.1136
0.0195872
-0.161723
-0.312856
-0.362678
-0.266377
-0.100621
0.035091
0.112553
0.122049
0.144061
0.258461
0.424116
0.518817
0.46339
0.297712
0.159405
0.0746173
-0.0106894
-0.102412
-0.0557918
0.113102
0.210531
0.217627
0.186949
0.112812
0.0480891
0.0554967
0.105519
0.153961
0.214089
0.328176
0.460847
0.469746
0.324147
0.157905
0.0474297
-0.0319308
-0.0518827
-0.00933402
0.0212515
0.0189165
0.0164966
-0.0282613
-0.163546
-0.276357
-0.261228
-0.162872
-0.00997545
0.125088
0.170743
0.153912
0.175413
0.237651
0.312386
0.398462
0.428059
0.315926
0.0470838
-0.233174
-0.395254
-0.39605
-0.269179
-0.121805
-0.0319626
-0.088652
-0.332965
-0.545385
-0.542423
-0.395949
-0.145084
0.191295
0.505355
0.672115
0.694735
0.618929
0.47905
0.342534
0.250783
0.194528
0.117661
0.01292
-0.0820737
-0.117268
-0.0191775
0.175575
0.337612
0.428634
0.40799
0.296948
0.161343
0.0497339
-0.00454204
0.0253141
0.029756
-0.0852347
-0.233914
-0.338917
-0.389705
-0.386753
-0.344649
-0.300188
-0.238026
-0.0991456
0.104849
0.288822
0.422328
0.461971
0.39962
0.306812
0.288055
0.341456
0.377893
0.337615
0.212058
0.0838431
0.0491871
0.118104
0.217457
0.223647
0.200267
0.213483
0.142492
-0.0232692
-0.154156
-0.19468
-0.180282
-0.197837
-0.232997
-0.253646
-0.236392
-0.203309
-0.190543
-0.184338
-0.12136
-0.0228955
0.0602687
0.137442
0.179189
0.16092
0.0713834
-0.0406514
-0.0556277
-0.00749838
0.0280535
0.0397731
0.0612046
0.100107
0.112893
0.0948264
0.0175663
-0.10462
-0.169437
-0.15431
-0.0974802
-0.017196
0.100232
0.182601
0.192615
0.157297
0.0949645
0.0140508
-0.00339774
0.0713519
0.15546
0.218195
0.284331
0.364603
0.38842
0.250282
0.05524
-0.0151238
0.0625013
0.166785
0.199632
0.194014
0.206305
0.176217
0.0311702
-0.146174
-0.2732
-0.318193
-0.243745
-0.11795
-0.0547743
-0.102105
-0.192776
-0.242869
-0.287382
-0.309419
-0.256123
-0.0808942
0.135946
0.288257
0.344963
0.309012
0.173487
0.0175973
-0.0423166
-0.0384385
-0.0451853
-0.0793028
-0.101692
-0.128193
-0.235557
-0.377648
-0.422171
-0.366923
-0.245519
-0.0790663
0.0818166
0.17086
0.178914
0.149
0.056266
-0.14839
-0.348666
-0.390404
-0.309212
-0.205229
-0.071159
0.0875336
0.127339
0.047048
-0.0223224
-0.0492906
-0.0754776
-0.102989
-0.144035
-0.211243
-0.259277
-0.320205
-0.431242
-0.525767
-0.537966
-0.480153
-0.406749
-0.357259
-0.3157
-0.241267
-0.131679
-0.000521004
0.117981
0.164457
0.135485
0.12224
0.171051
0.199562
0.17074
0.185776
0.268966
0.311005
0.306001
0.286261
0.239451
0.154927
0.0455241
-0.066956
-0.152542
-0.212479
-0.261452
-0.271006
-0.221595
-0.181954
-0.186538
-0.174719
-0.0974627
-0.0262298
-0.020817
-0.074614
-0.149346
-0.180505
-0.145534
-0.0611238
0.0269403
0.0452591
-0.00396022
-0.0534154
-0.0638456
-0.0376112
0.000228588
0.0329468
0.0202651
-0.0552305
-0.145605
-0.196183
-0.204108
-0.196324
-0.193726
-0.218435
-0.263179
-0.300636
-0.299172
-0.270802
-0.277807
-0.29584
-0.238437
-0.147854
-0.101839
-0.0776339
-0.0595266
-0.0388531
0.00121541
0.0467674
0.0638039
0.0238571
-0.051641
-0.10682
-0.116725
-0.11758
-0.119722
-0.085305
-0.00894749
0.0278646
0.0597511
0.145801
0.204039
0.155194
-0.0301352
-0.201501
-0.18935
-0.0351053
0.090792
0.10039
0.0570034
0.0300784
-0.000301687
-0.0226646
0.0168068
0.110404
0.169041
0.147251
0.0822119
-0.00994749
-0.104582
-0.147821
-0.152681
-0.135803
-0.100528
-0.0870818
-0.113067
-0.139439
-0.125453
-0.0836137
-0.0428878
-0.037096
-0.063277
-0.0689313
-0.0327476
0.0222928
0.0865367
0.161596
0.215861
0.22422
0.182809
0.0935315
-0.014346
-0.114358
-0.140026
-0.0271038
0.13423
0.179033
0.118091
0.0737883
0.0620059
0.0507941
0.0511748
0.0601667
0.0410552
0.0137871
-0.00949502
-0.0610529
-0.120006
-0.16235
-0.233426
-0.323316
-0.353309
-0.327426
-0.294661
-0.269359
-0.245205
-0.226482
-0.222159
-0.229349
-0.234073
-0.212742
-0.161264
-0.108468
-0.0679193
-0.0384815
-0.0259837
-0.0405966
-0.0795497
-0.146348
-0.224045
-0.266747
-0.250654
-0.219924
-0.207844
-0.20176
-0.179537
-0.13931
-0.0976319
-0.0915244
-0.118078
-0.149782
-0.174612
-0.190507
-0.19397
-0.188547
-0.180856
-0.184123
-0.166163
-0.0631703
0.101385
0.173634
0.106716
0.0527064
0.00349009
-0.151823
-0.201893
-0.0365871
0.100111
0.137792
0.133611
0.097331
0.04916
0.0333871
0.0487314
0.0837746
0.118018
0.136318
0.172023
0.233259
0.230472
0.131518
0.0524033
0.062712
0.0890955
0.0576062
-0.0156402
-0.0467124
0.00861486
0.0207543
-0.037883
-0.0856663
-0.10489
-0.100543
-0.0505655
0.0640603
0.146874
0.115207
0.0408322
0.0167661
0.0143324
-0.00659257
-0.0159881
-0.015643
-0.056652
-0.0851747
-0.0650408
-0.0246183
0.0398427
0.136216
0.222256
0.248351
0.208391
0.147393
0.0594919
-0.0407844
-0.0583692
-0.0290608
-0.0196691
-0.0192402
0.00358542
0.0481824
0.132884
0.232297
0.2436
0.153898
0.0292975
-0.029472
-0.0174938
0.00132858
0.0475901
0.115886
0.166168
0.174254
0.167142
0.160677
0.142821
0.115563
0.121477
0.132466
0.111009
0.0673173
0.0251402
-0.0116819
-0.0491711
-0.0923969
-0.105435
-0.0702603
-0.0225898
-0.0174944
-0.0397903
-0.0572557
-0.0595717
-0.0969616
-0.151004
-0.148485
-0.0568551
-0.0294049
-0.00911634
0.0732536
0.107442
0.0830389
0.0331953
0.0307581
0.0406015
0.0261409
0.01151
0.0280381
0.0574029
0.0652854
0.0410393
0.0243775
0.0176301
0.00355974
-0.0185819
-0.0172703
0.0109565
0.0399707
0.0390468
0.0184135
0.0099284
0.0328204
0.0659366
0.0690721
0.0215916
-0.0223746
0.00186355
0.0807848
0.131336
0.104273
0.0491047
0.0368039
0.0476973
0.0170941
-0.0349747
-0.0462759
-0.0263094
-0.00269882
0.0167682
0.0381712
0.0604896
0.0836892
0.107088
0.125044
0.116491
0.0868788
0.063516
0.0569885
0.0509103
0.0333628
0.00834418
-0.0036694
0.0113182
0.0316857
0.0179161
0.000809631
0.014844
0.0421472
0.0513831
0.0479492
0.0459403
0.0447225
0.0299289
0.00491361
-0.0062205
0.00605424
0.0222421
0.0279962
0.0249225
0.0225686
0.0209574
0.0233954
0.0387657
0.06315
0.074804
0.0686706
0.063722
0.0855903
0.0950916
0.0171078
-0.0885435
-0.0923065
-0.0341914
0.00895668
0.027602
0.0316894
0.0136836
-0.0324251
-0.068408
-0.066772
-0.0572635
-0.0585394
-0.0654687
-0.0699236
-0.0645978
-0.0394807
-0.0136491
-0.0191449
-0.0569949
-0.100994
-0.120594
-0.0966477
-0.0580043
-0.0312907
-0.0273036
-0.0346936
-0.0350012
-0.0266728
-0.0185494
-0.0115275
-0.00514587
0.00220606
0.00685643
0.00779527
0.00678191
0.014259
0.0247568
-0.000336987
-0.0677031
-0.0815014
-0.0277986
0.0229948
0.030533
0.013552
0.00122792
0.005262
0.0213007
0.0415518
0.0579793
0.0622149
0.0596487
0.0593363
0.0612687
0.0647781
0.0687125
0.0737412
0.0788708
0.087693
0.105626
0.123852
0.125038
0.115314
0.115665
0.13158
0.141704
0.14096
0.136757
0.134378
0.133243
0.135068
0.137889
0.142569
0.146146
0.146062
0.140354
0.132478
0.123722
0.116509
0.111395
0.109957
0.10806
0.105564
0.101285
0.0961288
0.0879742
0.0795777
0.070894
0.0633513
0.0550266
0.0475251
0.0391593
0.0314211
0.0226574
0.0147661
0.00590649
-0.00243619
-0.0119516
-0.0200185
-0.0283956
-0.0355453
-0.0438307
-0.0505366
-0.0577212
-0.063514
-0.0703799
-0.0756737
-0.0819258
-0.0864771
-0.0920828
-0.0957604
-0.100553
-0.103234
-0.107172
-0.108791
-0.111878
-0.112397
-0.114634
-0.113971
-0.115382
-0.113458
-0.114113
-0.110804
-0.110844
-0.105942
-0.105692
-0.0987232
-0.0990658
-0.0883742
-0.0937239
-0.000140335
