0.00241512
-0.0484574
-0.0350882
-0.0460062
-0.044172
-0.0506201
-0.0500651
-0.0577291
-0.064082
-0.0719534
-0.0752813
-0.0832467
-0.0813598
-0.0824703
-0.0872433
-0.102306
-0.108524
-0.10505
-0.103836
-0.0815303
-0.0720545
-0.0838205
-0.0675038
-0.0330549
0.0022338
0.0748414
0.115923
0.15171
0.27596
0.33957
0.130523
-0.109787
-0.256718
-0.264792
-0.176804
-0.083174
0.00424091
0.087493
0.0931266
0.00972168
-0.148947
-0.185357
-0.138469
-0.0999093
-0.0386596
0.0312434
0.101401
0.129999
0.149969
0.150042
0.217751
0.336649
0.400858
0.35116
0.248297
0.117654
0.0598732
0.0891513
0.0981481
0.123606
0.0794174
-0.0627291
-0.0879755
0.0959022
0.245861
0.441957
0.559189
0.495987
0.359815
0.179374
0.0529761
0.063142
0.133535
0.0947874
-0.00335835
-0.0951503
-0.260941
-0.362125
-0.279424
-0.164531
0.0902169
0.367475
0.449085
0.391639
0.259652
0.141747
0.146614
0.188474
0.225672
0.254818
0.269755
0.206831
0.119705
0.0784545
0.0277373
-0.0405813
-0.0349621
0.0434319
0.0215541
-0.0685957
-0.0999066
-0.0707628
-0.02119
0.0282849
0.0405431
-0.0866016
-0.27106
-0.22351
-0.129278
-0.0799527
-0.191477
-0.357232
-0.453468
-0.521145
-0.44234
-0.26132
-0.0316896
0.201529
0.18563
0.0812642
-0.0195034
-0.0974781
-0.139986
-0.167462
-0.165624
-0.136066
-0.20452
-0.327053
-0.309018
-0.217117
-0.063257
-0.103628
-0.249055
-0.32285
-0.376042
-0.252961
0.0661361
0.307595
0.29348
0.197985
0.0550651
-0.0870183
-0.123969
0.0587654
0.266741
0.469482
0.574789
0.395182
0.199551
-0.00328628
-0.210242
-0.332306
-0.318909
-0.212099
-0.0841688
-0.0761408
-0.198949
-0.270203
-0.192342
-0.150132
-0.165676
-0.136917
-0.0726942
0.00265168
0.0208404
-0.028849
-0.170359
-0.407263
-0.637576
-0.529721
-0.311839
-0.125983
0.0474666
0.0142506
-0.126022
-0.25521
-0.224076
0.0284111
0.292556
0.510084
0.468696
0.214791
-0.0907771
-0.307598
-0.275222
-0.201246
-0.0226508
0.376738
0.695492
0.486221
0.180805
0.157663
0.271282
0.458016
0.571258
0.514313
0.364709
0.159303
-0.0706207
-0.294009
-0.444397
-0.442075
-0.411145
-0.441454
-0.377563
-0.292338
-0.0306583
0.0156287
-0.200916
-0.32676
-0.273977
-0.0498581
0.249335
0.447466
0.349514
0.212209
0.274227
0.387564
0.345171
0.087552
-0.232815
-0.473482
-0.344631
-0.123581
-0.0131181
0.0538231
0.0574996
0.145828
0.238479
0.381899
0.332835
0.111812
0.106562
0.229327
0.251107
0.159201
0.101677
0.0034762
-0.182192
-0.416329
-0.640954
-0.587901
-0.395477
-0.214834
-0.0953204
-0.0471668
0.0527484
0.188759
0.079964
-0.175795
-0.338153
-0.188071
0.0013427
0.140864
0.414992
0.534618
0.365638
-0.108621
-0.413312
-0.555692
-0.466022
-0.328331
-0.0824108
-0.190576
-0.599754
-0.664889
-0.278856
0.149262
0.317536
0.383196
0.373906
0.335462
0.205019
0.182362
0.320487
0.426878
0.272963
-0.0302376
-0.454403
-0.579918
-0.330655
-0.0324938
0.294389
0.469457
0.437955
0.404803
0.344681
0.251126
0.178033
0.18643
0.169489
0.231495
0.116184
-0.0465873
-0.215221
-0.353325
-0.422066
-0.361172
-0.1735
0.145709
0.381317
0.288877
0.192848
0.00722527
-0.00776304
0.0206678
-0.182505
-0.36375
-0.364259
-0.284703
-0.255341
-0.07315
0.121018
0.113817
0.046322
0.0813119
0.19729
0.264833
0.188503
0.148305
0.273351
0.403199
0.318344
0.0700365
-0.132219
-0.514766
-0.836505
-0.698647
-0.427199
-0.248635
-0.196576
-0.146816
-0.0907629
-0.0607262
-0.127457
-0.244421
-0.224511
-0.152318
-0.073769
-0.0923512
-0.0434596
0.00957358
0.067843
0.11925
0.172749
0.238601
0.296619
0.277022
0.186277
0.0997129
0.133915
0.256959
0.362148
0.21225
0.0650934
0.154981
0.148265
0.00153812
-0.152381
-0.265943
-0.382246
-0.333372
-0.225474
-0.0865915
-0.0763386
-0.180992
-0.077427
0.116731
0.262332
0.213362
0.0604997
-0.101713
-0.228553
-0.318208
-0.429497
-0.511141
-0.363172
-0.0200483
0.235452
0.227591
0.233479
0.179787
0.0757577
-0.0446738
-0.0847266
0.0725662
0.241491
0.468912
0.679968
0.677482
0.483119
0.322982
0.0760424
-0.218387
-0.408586
-0.173845
0.159305
0.298887
0.37807
0.417936
0.365193
0.32879
0.233852
0.00583264
-0.277433
-0.267846
0.0429689
0.387787
0.259769
-0.408533
-0.905761
-0.548414
0.0187652
0.197298
0.169202
0.188651
0.0740177
-0.0707448
-0.09475
-0.11297
-0.0653395
0.0852209
0.169058
0.0949023
0.0672901
0.165929
0.180391
0.138283
0.0989877
0.00403566
-0.250872
-0.386135
-0.332144
-0.320902
-0.193051
-0.219493
-0.426364
-0.379978
-0.196487
-0.050658
-0.0666739
-0.0899829
-0.0980387
-0.126836
-0.0661539
-0.0093158
-0.0220704
0.0648828
0.365564
0.548261
0.489383
0.436439
0.504887
0.519434
0.458902
0.278407
-0.0685701
-0.200675
-0.10929
-0.0151702
0.0670735
0.171328
0.247939
0.350957
0.32062
0.131269
-0.195088
-0.321983
-0.0845792
0.362249
0.656747
0.511837
0.327588
0.171937
0.0333987
-0.0792455
-0.140761
-0.178023
-0.185255
-0.185051
-0.198406
-0.202056
-0.132641
-0.0632363
0.0504496
0.132942
0.101657
-0.027305
-0.162719
-0.324586
-0.408586
-0.298372
-0.0531187
0.114361
0.0178093
-0.0975724
-0.166813
-0.128624
-0.0965555
0.0313881
0.177871
0.176253
0.0811108
-0.0593264
-0.076591
-0.0634101
-0.0201717
0.0513973
0.120381
0.0701723
-0.0844981
-0.243294
-0.279903
-0.217579
0.0514742
0.201828
-0.309157
0.133207
-0.66408
-0.681596
-0.363476
-0.506261
0.147131
0.13069
0.266759
0.310245
0.207859
0.0601708
-0.233
-0.463631
-0.556427
-0.451131
-0.256584
-0.0658156
0.0644176
0.167316
0.202144
0.183963
0.194504
0.208949
0.270699
0.357737
0.434647
0.529317
0.54683
0.335425
-0.06495
-0.295604
-0.198969
-0.144
-0.239388
-0.336327
-0.420214
-0.347044
-0.167929
-0.081196
-0.171459
-0.332462
-0.501077
-0.453552
-0.230194
-0.066799
0.156388
0.372402
0.360581
0.333454
0.267744
0.139067
0.0419119
-0.0343884
-0.088497
-0.130211
-0.0921797
-0.00428803
0.0695491
0.126015
0.121477
0.0660022
-0.0498224
-0.208282
-0.366391
-0.479374
-0.50876
-0.510278
-0.485293
-0.417732
-0.21771
-0.0164717
0.0899927
0.122985
0.112554
0.107644
0.105037
0.135575
0.196938
0.18705
0.163596
0.10824
0.0486431
-0.0420713
-0.132276
-0.12715
-0.0798806
-0.0265291
0.0557513
0.12158
0.169988
0.239181
0.195305
0.130545
0.117733
0.170679
0.226624
0.184368
0.0718821
-0.0390321
-0.0467045
-0.0144209
0.0346233
0.111263
0.152728
0.0906487
-0.0225388
-0.156885
-0.221039
-0.205378
-0.0852426
0.0547379
0.131259
0.137929
0.0940801
0.0791697
0.141885
0.174613
0.229277
0.278536
0.238373
0.161526
0.0832569
-0.00849679
-0.118782
-0.244203
-0.348178
-0.491493
-0.398054
-0.229698
-0.157748
-0.0606317
-0.0326782
-0.0829356
-0.138401
-0.200987
-0.183743
-0.10936
0.0278099
0.115188
0.105791
0.0448107
-0.119338
-0.198872
-0.0595325
0.0453764
0.041166
0.0503445
0.0346449
0.0260553
-0.0105282
-0.0846627
-0.0994452
-0.0617915
-0.0736984
-0.0560007
0.0343521
0.13808
0.17541
0.0839218
0.0558334
0.0869274
0.0917818
0.0804335
0.0639118
0.0362753
-0.00794724
-0.0408498
-0.0253167
0.00829429
0.0436451
0.0946848
0.129272
0.120312
0.124624
0.0478777
-0.0786053
-0.211158
-0.303124
-0.38331
-0.3221
-0.0745987
0.136221
0.189086
0.168285
0.0900193
-0.0170113
-0.0631409
-0.102151
-0.0959493
-0.0931767
-0.0945607
-0.107131
-0.123313
-0.143963
-0.138214
-0.120654
-0.0847594
-0.0504362
-0.0367155
-0.135342
-0.298671
-0.54071
-0.586044
-0.460824
-0.253095
-0.00314943
0.241746
0.404281
0.49949
1.015
0.511614
0.488987
0.456703
0.424853
0.455075
0.445534
0.347912
0.227745
0.0723353
-0.065396
-0.165271
-0.256719
-0.36184
-0.44838
-0.486385
-0.447123
-0.376313
-0.287703
-0.198425
-0.126418
-0.106089
-0.110435
-0.0502209
0.0436316
0.119875
0.196045
0.277343
0.238475
0.163352
0.162296
0.161105
0.16375
0.172464
0.146781
0.0957728
0.0432425
0.0127423
0.0187708
0.032085
0.0590907
0.0957637
0.137681
0.172791
0.158632
0.091804
0.0321192
-0.00674982
-0.00702215
0.0120354
0.061356
0.123294
0.148908
0.163669
0.175626
0.204415
0.243336
0.266545
0.205515
0.105433
0.0155157
-0.0506317
-0.116041
-0.180644
-0.25563
-0.258356
-0.218584
-0.17228
-0.137468
-0.0834334
-0.0913628
-0.075732
0.0567294
0.14567
0.1861
0.119099
0.068261
0.0915929
0.162055
0.22283
0.270913
0.313974
0.31493
0.208824
0.0828806
0.0653488
0.0764367
0.0839737
0.0397391
-0.0272073
-0.0889699
-0.145116
-0.178321
-0.199991
-0.184245
-0.137789
-0.0751644
-0.0131751
0.0414457
0.122296
0.152636
0.0903512
0.0386552
0.0148092
0.0445554
0.0713152
0.074196
0.0666691
0.0910523
0.139246
0.176892
0.154097
0.113265
0.047108
-0.023092
-0.10515
-0.193795
-0.247657
-0.303978
-0.371236
-0.376082
-0.403093
-0.357635
-0.23609
-0.157522
-0.185139
-0.235892
-0.221404
-0.138587
-0.0347467
0.045363
0.09116
0.0997514
0.097212
0.166656
0.249412
0.296627
0.296235
0.21178
0.147173
0.115315
0.0925105
0.0611321
0.0217632
-0.0162171
-0.0374727
-0.0575473
-0.0764904
-0.109854
-0.108749
-0.0830034
-0.031604
0.0565168
0.168862
0.234091
0.222571
0.208538
0.17341
0.181837
0.219036
0.205278
0.153322
0.10515
0.04822
0.00902979
-0.000160376
-0.00361004
-0.0121974
-0.0354713
-0.0543522
-0.0678144
-0.075748
-0.0801937
-0.0712875
-0.0346874
0.00414325
0.0290736
0.0522501
0.0873771
0.137744
0.150183
0.141322
0.12782
0.0743992
0.0100563
-0.0223809
-0.0487647
-0.066877
-0.0866889
-0.104838
-0.122967
-0.164176
-0.23216
-0.31706
-0.426157
-0.500498
-0.512128
-0.453824
-0.343101
-0.25526
-0.240119
-0.217517
-0.149298
-0.0851151
-0.0436065
-0.005741
0.0318317
0.064326
0.0791748
0.0858189
0.0930925
0.10368
0.107988
0.105184
0.101627
0.107023
0.118077
0.158049
0.211717
0.254459
0.142475
-0.00511794
-0.101251
-0.180412
-0.208275
-0.145844
-0.0795803
-0.0487217
-0.0271748
-0.00710308
0.0533464
0.0735793
0.0573085
0.0463054
0.0366518
0.034375
-0.00910988
-0.0733849
-0.0689798
-0.0402529
0.00243204
0.03596
0.0732593
0.116461
0.158852
0.163953
0.144511
0.134462
0.146923
0.135447
-0.00949031
-0.126041
-0.0510176
0.00368505
0.0994913
0.101428
0.0586858
0.0819632
0.0504513
-0.00670864
-0.0601302
-0.113858
-0.159384
-0.206646
-0.218427
-0.19333
-0.170674
-0.162638
-0.16014
-0.154907
-0.142462
-0.120864
-0.0982319
-0.0716991
-0.0394583
-0.0270159
-0.0325612
-0.0420203
-0.0603395
-0.0732271
-0.0492183
-0.00821157
0.0264457
0.0648921
0.0831465
0.0941461
0.098702
0.0981856
0.0957642
0.0943392
0.0874953
0.0619676
0.0186861
-0.0340078
-0.0597796
-0.079246
-0.099369
-0.124978
-0.12805
-0.0960055
-0.067552
-0.0357601
-0.0102436
0.0216595
0.0738478
0.126952
0.172959
0.212863
0.22778
0.237151
0.25737
0.264498
0.235827
0.189583
0.123292
0.039287
-0.00825991
0.0470163
0.0831685
0.0808442
0.0777189
0.0800508
0.0796124
0.0843168
0.0860594
0.082754
0.0685947
0.0686183
0.0859617
0.0846325
0.0321225
-0.0375315
-0.142608
-0.136838
-0.0684877
-0.0295218
0.0236434
0.0670164
0.0275408
0.0087426
0.0449763
0.0749781
0.0998331
0.0678707
0.0211749
0.0105478
0.0272191
0.0392686
0.0452307
0.0496545
0.0563429
0.0624209
0.0740502
0.0984026
0.140551
0.157529
0.114845
0.0753035
-0.00142369
0.00146892
0.109485
0.142583
0.108089
0.115003
0.164801
0.19784
0.200487
0.223075
0.177115
0.0569255
0.0104383
-0.0311765
-0.0830851
-0.121349
-0.147444
-0.148338
-0.0842675
-0.0222358
-0.0403703
-0.0792455
-0.148727
-0.166074
-0.0869954
-0.0156259
0.0372717
0.027663
0.00569466
-0.00576519
-0.0038481
-0.00596813
-0.00473009
-0.00813653
-0.000248184
0.0101273
0.0267872
0.0461595
0.0666041
0.0796623
0.0883631
0.097911
0.11042
0.0946992
0.0570051
0.0448586
0.067553
0.0813832
0.0881571
0.0916131
0.085798
0.076418
0.0687203
0.0575262
0.0292019
-0.00376695
-0.0411846
-0.0862235
-0.134322
-0.147123
-0.13053
-0.117218
-0.10161
-0.0907573
-0.0748395
-0.0408906
-0.00278291
0.0308734
0.0497775
0.045306
0.00778104
-0.0303245
-0.0429457
-0.103245
-0.0736228
0.00969163
0.0602584
0.137502
0.156319
0.111042
0.0706306
0.0261877
-0.0139618
-0.0484127
-0.0962587
-0.140043
-0.157855
-0.163032
-0.12684
-0.110865
-0.14927
-0.190397
-0.26951
-0.367519
-0.375124
-0.35518
-0.329681
-0.293044
-0.256493
-0.235629
-0.220579
-0.208239
-0.188677
-0.13299
-0.0770674
-0.0460836
-0.0174758
0.00250894
0.0150667
0.0266716
0.0366195
0.0833014
0.146696
0.171775
0.181633
0.190083
0.196046
0.202199
0.207865
0.215168
0.2124
0.187246
0.159432
0.129452
0.110009
0.0882825
0.0373828
-0.0337665
-0.0830645
-0.074482
-0.0642363
-0.0412203
0.00108447
-0.0614031
-0.166616
-0.205725
-0.210393
-0.188258
-0.158858
-0.138397
-0.125295
-0.109903
-0.109854
-0.118735
-0.128978
-0.123649
-0.107767
-0.0910829
-0.0566212
-0.0113567
0.0310331
0.120397
0.200644
0.216965
0.204535
0.160646
0.107947
0.0662157
0.0498286
0.0340151
0.0215735
0.0198161
0.0263216
0.0321231
0.0394891
0.0318786
0.0212241
0.00766909
0.0129733
0.0338622
0.0530019
0.0655667
0.0612896
0.0316084
-0.019743
-0.0182854
0.0270413
0.0600429
0.0805598
0.0945568
0.108861
0.119829
0.131116
0.137738
0.144722
0.148673
0.152262
0.152947
0.154587
0.148812
0.138514
0.1278
0.11385
0.0784464
0.0391674
-0.00315777
-0.0403678
-0.0714598
-0.100817
-0.114434
-0.115087
-0.12172
-0.140986
-0.170392
-0.168185
-0.135924
-0.10201
-0.0652196
-0.0317165
-0.0344432
-0.0923418
-0.151412
-0.171428
-0.176998
-0.167497
-0.140477
-0.128981
-0.147698
-0.166894
-0.190349
-0.226267
-0.25236
-0.260839
-0.2975
-0.348101
-0.316336
-0.252855
-0.171305
-0.0897539
-0.043898
-0.00532154
0.0202446
0.0395389
0.0558958
0.0636459
0.0709022
0.0775535
0.0838411
0.0890817
0.0962615
0.0902388
0.0663767
0.0458655
0.0299312
0.0186171
0.0173009
0.0175844
0.0283862
0.0465816
0.0531347
0.0530426
0.0504639
0.050164
0.0674401
0.0892615
0.10874
0.120147
0.129262
0.142587
0.167421
0.169377
0.114854
0.0551408
0.0187949
-0.0071116
-0.0253942
-0.0324045
-0.0442017
-0.0230326
0.0198623
0.0507127
0.0789372
0.102927
0.0917395
0.0745416
0.0483699
-0.00362434
-0.00293675
0.0465035
0.0696349
0.0915271
0.101767
0.0664673
0.0212008
0.020782
0.0412738
0.0654983
0.0939589
0.129188
0.146698
0.100449
0.0628574
0.0591311
0.0603541
0.0535323
0.0397853
0.0236573
0.0156099
0.0347833
0.0614498
0.0806964
0.0704242
0.0556122
0.0400533
0.0370756
0.0402413
0.0427331
0.0254052
0.00200366
-0.0244366
-0.0420674
-0.0414866
-0.0396254
-0.037388
-0.028604
-0.0175182
-0.00571987
-0.0156667
-0.039186
-0.0614877
-0.0745059
-0.0906316
-0.0926199
-0.0520772
-0.00966522
0.024249
0.0592035
0.0837932
0.0914363
0.0984133
0.103624
0.108123
0.112568
0.11665
0.114318
0.109757
0.105245
0.100554
0.0963969
0.0921339
0.0883259
0.0848959
0.072525
0.0540239
0.0379549
0.0181389
0.00615234
0.0273367
0.05695
0.0869542
0.123086
0.158816
0.199433
0.216371
0.206408
0.197559
0.186292
0.176483
0.166132
0.154971
0.142903
0.13153
0.119786
0.110098
0.0835134
0.0467445
0.0106101
-0.0264717
-0.0565943
-0.0820504
-0.109079
-0.130861
-0.142918
-0.153124
-0.165075
-0.166746
-0.155713
-0.144461
-0.133232
-0.119173
-0.0940498
-0.0678923
-0.0409527
-0.0151856
0.0132295
0.0455379
0.0797363
0.11128
0.122502
0.126579
0.13124
0.133545
0.138357
0.149057
0.160636
0.17168
0.182479
0.192423
0.202869
0.203219
0.196059
0.188787
0.180116
0.171471
0.161513
0.153595
0.148936
0.144095
0.138939
0.133389
0.12751
0.121258
0.114365
0.116068
0.122596
0.128585
0.134669
0.142893
0.133859
0.108766
0.0836923
0.0581134
0.0600489
0.0714747
0.0864455
0.0946876
0.0689884
0.0450144
-0.00786525
-0.0943595
-0.121764
-0.123619
-0.12525
-0.124345
-0.124846
-0.125873
-0.119233
-0.101682
-0.0837955
-0.0632679
-0.0509023
-0.0459301
-0.0402552
-0.0349124
-0.0289781
-0.0229478
-0.0174012
-0.0109032
-0.00520375
-0.0176013
-0.0372981
-0.0573708
-0.076799
-0.0850788
-0.0911826
-0.0968368
-0.11299
-0.116904
-0.0868046
-0.0534006
-0.0184406
-0.0149083
-0.030612
-0.0354191
-0.034304
-0.0341856
-0.0358344
-0.0385086
-0.041729
-0.0437617
-0.0463079
-0.0486569
-0.0537263
-0.0509345
-0.0304843
-0.0115972
-0.0135482
-0.0230501
-0.0296562
-0.0367749
-0.0347984
-0.030103
-0.0251567
-0.0199773
-0.0145871
-0.00989261
-0.00353615
-0.00363359
-0.0120478
-0.0204744
-0.0292244
-0.0376588
-0.0457947
-0.0536308
-0.0611134
-0.0682813
-0.0749726
-0.0808556
-0.0862441
-0.0912349
-0.0958143
-0.0999885
-0.103767
-0.107212
-0.109551
-0.111149
-0.112499
-0.110561
-0.106797
-0.102796
-0.0985034
-0.0935139
-0.090662
-0.0908631
-0.0908639
-0.0909391
-0.0909032
-0.0904498
-0.0906147
-0.0888945
-0.0794249
-0.0683645
-0.0571178
-0.0458776
-0.0347264
-0.0228018
-0.022197
-0.0298174
-0.0365439
-0.0451425
-0.0508417
-0.0520168
-0.05264
-0.0533427
-0.0539576
-0.0548194
-0.054568
-0.0543799
-0.0533771
-0.0564161
-0.0646885
-0.0733224
-0.0817276
-0.0916558
-0.110068
-0.130318
-0.151877
-0.161634
-0.16181
-0.162496
-0.162365
-0.163518
-0.164492
-0.165718
-0.166737
-0.167929
-0.168922
-0.170106
-0.171255
-0.172495
-0.173615
-0.174798
-0.175844
-0.177109
-0.178585
-0.180036
-0.181505
-0.182884
-0.18393
-0.184824
-0.185947
-0.186329
-0.188456
-0.185803
-0.167162
-0.146096
-0.124418
-0.103424
-0.0803786
-0.0652049
-0.0657569
-0.0673602
-0.0699296
-0.0721092
-0.0746113
-0.0767774
-0.0787782
-0.093148
-0.107998
-0.101435
-0.0927852
-0.0899353
-0.0917812
-0.0969245
-0.094751
-0.0840643
-0.075817
-0.0563841
-0.0413103
-0.0501053
-0.0374666
0.0426076
0.0718761
0.0801962
0.100638
0.0990195
0.0939865
0.0900861
0.0897736
0.0612771
0.00294022
-0.0465852
-0.0531426
-0.0544007
-0.0363587
0.00548709
0.0624802
0.0938173
0.0930409
0.0925875
0.0952126
0.0882987
0.0627793
0.056816
0.0514527
0.03428
-0.000331417
-0.0534154
-0.0921241
-0.115101
-0.115889
-0.0632619
-0.025862
-0.0242841
-0.024059
-0.0249106
-0.0224933
-0.0208104
-0.021858
-0.0218015
-0.0235292
-0.0198615
-0.0231616
-0.0179533
-0.0243474
0.000163924
0.0116024
0.017703
-0.00232663
-0.0440518
-0.0469829
-0.040868
-0.0641495
-0.130768
-0.138953
-0.130913
-0.108347
-0.087956
-0.0293655
-0.00645416
-0.00915515
0.0145871
0.092486
0.126384
0.0594528
-0.00440098
-0.0618339
-0.0928006
-0.0560525
0.00228913
0.053041
0.0467155
0.0502227
0.0433755
0.0412112
0.0365703
0.0348434
-0.0221724
-0.097733
-0.152299
-0.164412
-0.175779
-0.148598
-0.0805404
-0.0518218
-0.0723703
-0.0795434
-0.113218
-0.143689
-0.126639
-0.129829
-0.104844
-0.0744473
-0.0763243
-0.0272904
0.00917323
0.0624725
0.113873
0.113135
0.109597
0.0838647
0.0787024
0.116512
0.113622
0.100397
0.120432
0.116142
0.121228
0.133464
0.15565
0.189563
0.203854
0.203052
0.189602
0.17356
0.166753
0.149481
0.129061
0.112981
0.0961895
0.131514
0.167515
0.17188
0.152453
0.067069
0.0152873
0.00531749
0.00674205
0.00437419
0.0397549
0.0760351
0.0631274
0.00254102
-0.0192323
-0.0183985
-0.0243641
0.00541836
0.0704406
0.0804312
0.0846444
0.0804775
0.0586466
0.0559773
0.0553704
0.0569973
0.05769
0.0579661
0.0634154
0.0605836
0.0627386
0.100387
0.148725
0.131797
0.0979045
0.0425718
-0.0152929
0.0103468
0.0231824
0.0187346
0.0208117
0.0224491
0.0181749
0.019158
0.0126084
-0.104934
-0.102034
-0.00100586
-0.0194521
-0.0587082
-0.0354943
-0.0139139
-0.0138632
-0.0192247
-0.113443
-0.157291
-0.113007
-0.063709
-0.0301545
-0.0170963
-0.0140688
0.0211758
0.0269788
-0.0121564
-0.0354606
-0.0451359
-0.0363407
-0.0190407
-0.0231828
-0.0284163
-0.0408684
0.014915
0.053043
0.0662481
0.101682
0.0985449
0.095589
0.0917816
0.0876771
0.0776741
0.0770987
0.0458131
0.0361327
0.00336818
-0.0450748
-0.0476042
-0.0346106
-0.0026752
0.000650075
0.0294459
0.0913342
0.103676
0.021451
-0.0137448
-0.0185818
-0.0247282
-0.024661
-0.0295362
-0.0678697
-0.100763
-0.105579
-0.109436
-0.105211
-0.148686
-0.188832
-0.149868
-0.0683485
-0.0604912
-0.0527357
-0.0801077
-0.125687
-0.131427
-0.134201
-0.136541
-0.139809
-0.14037
-0.139454
-0.143259
-0.146786
-0.145003
-0.145678
-0.148562
-0.153838
-0.13956
-0.102506
-0.0724123
-0.0370812
-0.0285215
-0.0303692
-0.0273077
-0.0315918
-0.0348057
-0.034309
-0.0338248
-0.033286
-0.0325207
-0.0320832
-0.0312745
-0.0311288
-0.0298187
-0.031276
-0.0367587
-0.0351795
-0.0385243
-0.0311708
0.0457849
0.0933302
0.0939049
0.0980291
0.0964769
0.092549
0.0876992
0.0889345
0.0849123
0.0919945
0.06811
0.021215
0.0187857
0.0106052
0.0232435
0.0657285
0.0734234
0.0731431
0.0720309
0.0740723
0.0512763
-0.040541
-0.0456727
0.0162809
0.0185593
0.0206784
0.0134122
0.026395
0.0394322
0.0163135
0.00942977
-0.0316542
-0.0590239
-0.059857
-0.0699665
-0.0700936
-0.0764407
-0.0701316
-0.0126208
-0.00797391
0.00120976
0.00851049
0.0006939
-0.000922296
-0.0101571
-0.00696318
0.0113213
0.00918177
0.0364637
0.0677332
0.0848498
0.0916712
0.0807015
0.0995496
0.136431
0.13931
0.134611
0.12936
0.124471
0.120554
0.113794
0.115048
0.108019
0.105325
0.0997163
0.096859
0.0914492
0.091298
0.109461
0.134223
0.146005
0.148638
0.0797307
0.0191266
0.00921544
-0.00128658
-0.00205654
-0.00638627
-0.0061674
-0.00712114
-0.011258
-0.0160283
-0.0181484
-0.0183268
-0.0181769
-0.0215932
-0.0242226
-0.0280585
-0.0273729
-0.0275898
-0.0316525
-0.0319777
-0.0355416
-0.035415
-0.0368137
-0.0394927
-0.00764007
0.0187388
-0.00505909
-0.00996944
-0.0161979
-0.00930963
-0.040705
-0.0849786
-0.085975
-0.0514199
-0.0206009
-0.0265208
-0.0227282
-0.0273728
-0.0268671
-0.0306001
-0.0593108
-0.0934242
-0.0967599
-0.106032
-0.0807846
-0.021342
0.0314169
0.0569547
0.0575801
0.0560628
0.051996
0.0495617
0.0465446
0.044933
0.0455089
0.0447284
0.0397202
0.0454082
0.0306726
-0.0219438
-0.0316397
-0.0364729
-0.0362241
-0.0357684
-0.0400546
-0.0393848
-0.039705
-0.0450476
-0.0408428
-0.0243044
-0.0381609
-0.0529416
-0.00805427
0.0310105
0.0414937
0.0416973
0.0362311
0.035432
0.0328918
0.0177243
0.00080599
-0.00160267
-0.00578725
-0.00746277
-0.00959745
-0.032576
-0.0593414
-0.0845305
-0.124356
-0.137874
-0.108238
-0.0712787
-0.0317294
-0.0248961
-0.0266443
-0.029605
-0.0311874
-0.0329447
-0.0358676
-0.0296613
-0.00123604
0.0188027
0.0157674
0.0180586
0.0142483
0.0126008
0.00812178
0.00719032
0.00454577
0.00362054
0.0475128
0.108793
0.108072
0.0906766
0.0875801
0.0848579
0.0867592
0.085157
0.0817634
0.0814952
0.0785323
0.076406
0.0682714
0.0888826
0.14617
0.163374
0.164391
0.16178
0.16069
0.155712
0.124924
0.0935591
0.0826622
0.0842254
0.0468208
-0.0104154
-0.0195245
-0.0287119
-0.00823881
0.0255765
0.00791253
-0.00244533
-2.5101e-05
-0.00307075
-0.00562179
0.0129439
0.0379618
0.0611417
0.0811106
0.0938374
0.103688
0.109724
0.108646
0.107188
0.101177
0.102768
0.0894095
0.0503606
-0.0257539
-0.0626361
-0.0453634
-0.0479013
-0.0531277
-0.0239493
0.00696206
0.00417051
0.00224981
-0.00455738
-0.00116513
0.0172052
0.0195528
0.0133215
0.0136683
0.00966363
0.00481618
-0.000517163
-0.00883382
-0.00665899
0.0428041
0.0796541
0.0984143
0.100266
0.0730008
0.0570833
0.0552469
0.0470019
0.0408347
0.0364401
0.0293511
0.0227885
0.0196446
0.0162039
0.0126259
0.00373616
-0.00130889
-0.00472717
-0.00894009
-0.00910274
-0.0246036
-0.00319095
0.0558795
0.036106
0.058258
0.0906534
0.104066
0.126137
0.144112
0.157147
0.158994
0.154955
0.14732
0.139412
0.136859
0.131097
0.128735
0.112732
0.127427
0.186761
0.174933
0.162019
0.157166
0.172015
0.177581
0.171259
0.165736
0.156372
0.150215
0.125631
0.0952506
0.0551918
0.00947941
-0.00747023
-0.0091342
-0.0172765
-0.022934
-0.0274952
-0.0328609
-0.0270562
0.00625483
0.023845
0.0207798
0.0173927
0.0114226
0.00661037
0.0015449
-0.00262691
-0.0148352
-0.0318667
-0.0722085
-0.113933
-0.121088
-0.116717
-0.103162
-0.100092
-0.0982445
-0.101689
-0.102688
-0.0876285
-0.0875719
-0.112399
-0.119267
-0.120684
-0.122506
-0.123408
-0.111185
-0.100463
-0.0763139
-0.0756186
-0.097805
-0.104263
-0.106238
-0.126056
-0.139541
-0.146596
-0.133838
-0.0820344
-0.0514525
-0.0527493
-0.0536573
-0.0545059
-0.0525286
-0.0551282
-0.0565188
-0.0302722
0.0170282
0.0341955
0.0317763
0.0510612
0.0647781
0.0793292
0.132041
0.132165
0.0960443
0.0843619
0.0331874
0.0178324
0.0368938
0.0540057
0.0715647
0.0718415
0.0459545
0.0341273
0.03386
0.0297681
0.0280372
0.0282778
0.027422
0.0211616
0.000333303
-0.0219921
-0.0425398
-0.0540873
-0.0589433
-0.0625897
-0.0517909
-0.0381508
-0.0119566
0.0216214
0.0324399
0.0276359
0.0263829
0.0262413
0.0261589
0.0215989
0.0183984
0.0181973
0.0172841
0.00841198
0.0181157
0.0573487
0.0681668
0.0705358
0.0619894
0.0352689
0.0434776
0.0542331
0.0581892
0.079663
0.0795343
0.0757528
0.0726791
0.118947
0.126532
0.117665
0.115457
0.104713
0.104576
0.0818302
0.0597915
0.0477048
0.0439963
0.0393941
0.0338311
0.0261605
0.0188201
0.010139
0.0761107
0.0824392
0.0586294
0.055175
0.0459128
0.0434636
0.0387952
0.0148629
-0.00657784
-0.0158853
-0.0442589
-0.0633316
-0.069552
-0.120366
-0.123459
-0.092342
-0.0994011
-0.103528
-0.119014
-0.0962113
-0.0685231
-0.0744333
-0.0794336
-0.086735
-0.0931021
-0.100174
-0.10557
-0.114622
-0.111254
-0.095019
-0.0980667
-0.0935542
-0.08194
-0.0878565
-0.0852663
-0.0328294
-0.0096401
-0.0135856
-0.0169852
-0.021971
-0.024514
-0.0311935
-0.033149
-0.0353438
-0.0378683
-0.0431986
-0.0442408
-0.0481243
-0.052466
-0.0541999
-0.0590944
-0.0609917
-0.0601918
-0.0827871
-0.0614476
-0.0404075
-0.046052
-0.0459874
-0.0477284
-0.0461814
-0.0490011
-0.05162
-0.0513047
-0.0509536
-0.0532085
-0.0541693
-0.0538186
-0.0516738
-0.0523757
-0.0446349
-0.0155045
-0.00267618
-0.00269567
0.0141089
0.0175977
0.0181368
0.0175937
0.0147296
0.013191
0.0143273
0.0132112
0.0173795
0.0309368
0.0478389
0.052682
0.0614293
0.0721089
0.0705111
0.066017
0.066808
0.0504356
0.0151667
0.00160713
-0.00590629
-0.00483201
-0.0078909
-0.00602306
-0.00630958
-0.00687174
-0.00759474
-0.00506404
0.0019013
0.0105976
0.0107315
0.0109379
0.00950273
0.0121562
0.00882422
0.0145895
0.0255058
0.0276222
0.0257206
0.0255267
0.0250574
0.0231787
0.0233378
0.0219388
0.0230491
0.0331737
0.0335971
0.0335742
0.0235968
0.0168079
0.0165536
0.0150544
0.0141449
0.0152334
0.0131173
0.0132724
0.012389
0.0111479
0.0104365
0.0181621
0.0213125
0.0193631
0.017821
0.0165061
0.0143655
0.0121494
0.00217107
-0.00901475
-0.00781969
-0.00446181
-0.00516702
-0.00623897
-0.0049346
-0.0109665
-0.0255461
-0.0257731
-0.0273925
-0.0275098
-0.0286207
-0.0215507
-0.015315
-0.0153259
-0.017104
-0.018906
-0.0143684
-0.00921317
-0.0130062
-0.017666
-0.0218715
-0.0233837
-0.0263593
-0.0275178
-0.0302172
-0.0317218
-0.0309132
-0.0313289
-0.0344932
-0.0361019
-0.0389873
-0.0402458
-0.0404761
-0.041787
-0.0431301
-0.0433513
-0.0457605
-0.0451793
-0.0503559
-0.0550274
-0.057799
-0.0573133
-0.0595465
-0.0620969
-0.0656051
-0.0667584
-0.0668786
-0.0655645
-0.0680529
-0.0674696
-0.0682706
-0.0680714
-0.0687245
-0.067808
-0.0681072
-0.0672821
-0.0684282
-0.0670041
-0.0674631
-0.0666435
-0.0668
-0.0645849
-0.0636367
-0.0608082
-0.060178
-0.057599
-0.0566351
-0.0536663
-0.0523823
-0.0486808
-0.0469344
-0.0432116
-0.041311
-0.0372416
-0.0350995
-0.0304169
-0.0278478
-0.0228623
-0.0200369
-0.0146423
-0.0115515
-0.00576193
-0.00241071
0.00382998
0.00736229
0.0139343
0.0176824
0.0246856
0.0285909
0.0359796
0.0400061
0.0478604
0.0519747
0.0603266
0.0644655
0.0733865
0.0774586
0.0870684
0.0909204
0.101438
0.104778
0.116658
0.118796
0.133262
0.13181
0.15508
-0.000850669
