0.0457978
0.0471757
0.0448294
0.0432633
0.0406185
0.0383736
0.0369063
0.0358564
0.0357442
0.0338659
0.0286514
0.0260989
0.0248356
0.0229442
0.0202946
0.0167618
0.0147618
0.0141393
0.0203218
0.021308
0.0110108
0.00179759
-0.00372445
-0.00805941
-0.0104773
-0.00730931
-0.0049536
-0.00478887
-0.00470578
-0.00148003
-0.0181913
-0.0351803
-0.0357616
-0.051848
-0.0440784
-0.0163795
-0.011652
-0.041951
-0.0564503
-0.0489856
-0.0509732
-0.0634024
-0.0323298
-0.0297204
-0.0621537
-0.0445936
-0.00802949
-0.000879458
0.029366
0.0406534
0.0373649
0.0349891
0.0127838
-0.00661148
-0.0600392
-0.132063
-0.124228
-0.118439
-0.0811922
0.0439764
0.0586658
0.0487783
0.0625643
0.0424891
0.00269812
-0.015988
0.0300318
0.114186
0.168854
0.148612
0.106781
0.0549018
0.0733926
0.0931026
0.0820741
0.0646993
-0.0357534
-0.174088
-0.171092
-0.238079
-0.285623
-0.196594
-0.0808868
-0.0885278
-0.163823
-0.259817
-0.252976
-0.0994098
-0.041769
0.0101326
0.502747
0.83462
0.51123
-0.122694
-0.61238
-0.760092
-0.24679
-0.91958
-0.990189
-0.986927
-0.98367
-0.649495
-0.774817
-0.619625
-0.352781
0.260237
0.38342
-0.0897224
-0.415035
-0.35325
0.011321
0.357492
0.475433
0.369171
0.293332
0.492112
0.448811
0.325993
0.500282
0.503866
0.483608
0.364152
0.243976
0.137787
0.02813
-0.174599
-0.278868
-0.294896
-0.270159
-0.127103
0.000907094
0.131203
0.266467
0.288945
0.166798
-0.0226573
-0.179422
-0.281769
-0.277567
-0.20818
-0.103936
0.0352526
0.0195204
0.0303835
0.116202
0.256765
0.420425
1.01109
0.407225
0.234119
-0.00693697
-0.202846
-0.287434
-0.318028
-0.240829
-0.0468485
0.243752
0.500158
0.578002
0.542511
0.405625
0.218748
-0.0146138
-0.144642
-0.188153
-0.20177
-0.214366
-0.182817
-0.119306
-0.122973
-0.132895
-0.0756272
-0.143755
-0.182544
-0.156439
-0.0629079
0.0663503
0.0562501
0.0280412
0.0538061
0.0658091
0.00255252
-0.0973028
-0.160768
-0.217448
-0.330984
-0.427094
-0.47857
-0.446102
-0.353426
-0.30618
-0.266723
-0.107226
0.0657395
0.154242
0.224856
0.275969
0.298091
0.281881
0.321558
0.394047
0.411748
0.322203
0.145921
-0.0436312
-0.155726
-0.189469
-0.161788
-0.106972
-0.0602523
-0.0271887
0.00388034
-0.0325904
-0.0839175
-0.0642644
0.0809335
0.290295
0.434486
0.484338
0.453217
0.310921
0.0959359
-0.0810281
-0.200017
-0.20919
-0.192803
-0.21614
-0.22345
-0.179802
-0.155187
-0.127579
-0.0493855
-0.0225237
-0.0506734
-0.136315
-0.213165
-0.248298
-0.307395
-0.355807
-0.290242
-0.144187
-0.03685
0.0638912
0.122367
0.0980131
0.0015191
-0.0278201
-0.012641
0.0171957
0.0453728
0.0685917
0.09745
0.125309
0.130022
0.122829
0.109584
0.0975393
0.10191
0.0630549
-0.0138014
-0.0177501
0.0407612
0.131468
0.203249
0.199129
0.165439
0.159363
0.199751
0.248353
0.263635
0.245503
0.201122
0.101323
0.0387239
-0.000411084
-0.0088067
0.00575485
0.000446731
-0.0155736
-0.0362414
-0.0676058
-0.117763
-0.167757
-0.186234
-0.162006
-0.125754
-0.0838353
-0.0249348
0.0223204
0.0613724
0.129281
0.183178
0.20067
0.16848
0.0858521
-0.0476994
-0.154145
-0.213223
-0.228639
-0.165385
-0.0737153
0.0389693
0.15753
0.284847
0.370406
0.399441
0.271134
0.123928
0.00910765
-0.0574081
-0.103217
-0.116794
-0.0758005
-0.0247308
0.0291523
0.0901242
0.155824
0.199883
0.200536
0.129483
0.0433151
0.0022375
0.00224515
0.00967049
-0.00709873
-0.0425328
-0.0591831
-0.0484227
-0.011252
0.045542
0.109776
0.169855
0.191982
0.196221
0.1892
0.151838
0.118172
0.114368
0.0957053
0.0667844
0.0413754
0.0357876
0.040353
0.0199099
-0.00814379
-0.00871145
0.0337863
0.125996
0.168734
0.15666
0.151387
0.177848
0.243189
0.280491
0.307046
0.34566
0.364036
0.365947
0.344411
0.281333
0.201131
0.113324
0.0649404
0.0114343
0.00917212
0.0457375
0.0997336
0.152407
0.171779
0.184044
0.189648
0.197762
0.196219
0.167023
0.112731
0.0250543
-0.0657756
-0.128481
-0.161305
-0.164988
-0.118896
-0.0570599
0.00951521
0.0609735
0.0914045
0.0884847
0.0539001
0.00668429
-0.0236154
-0.0589104
-0.10728
-0.154366
-0.212663
-0.225716
-0.211638
-0.176666
-0.12041
-0.0922291
-0.0796487
-0.0586659
-0.0467357
-0.035117
-0.0425873
-0.0761161
-0.13861
-0.184645
-0.190899
-0.139274
-0.062693
-0.028746
-0.0470175
-0.0893226
-0.12223
-0.146825
-0.142586
-0.078662
-0.0116015
0.0248415
0.0338631
0.037639
0.0667219
0.104298
0.130697
0.119176
0.093827
0.0660182
0.0414678
0.00984365
0.00596821
0.0159225
0.0130085
0.0125775
0.00712414
0.0157409
0.0292549
0.0292659
0.0183259
0.00111011
-0.0332061
-0.0711371
-0.104722
-0.12697
-0.128476
-0.138764
-0.135528
-0.112916
-0.073692
-0.0130923
0.0448246
0.077738
0.0899491
0.074179
0.0523846
0.0243093
-0.0147436
-0.0611721
-0.095862
-0.120818
-0.140934
-0.154688
-0.152701
-0.142633
-0.104233
-0.0319477
0.0574514
0.0969861
0.0807888
0.0510153
0.0113615
-0.0265096
-0.0453255
-0.0396055
-0.042807
-0.0378016
-0.0394175
-0.0593677
-0.117886
-0.181704
-0.2241
-0.26697
-0.2811
-0.24787
-0.16571
-0.0698655
0.01636
0.0539993
0.0670066
0.0733431
0.072116
0.0370918
-0.0382702
-0.111408
-0.160274
-0.188033
-0.196545
-0.184455
-0.149064
-0.10922
-0.0662079
-0.0369577
-0.0216625
-0.00310522
0.0015263
-0.00395457
-0.0338093
-0.0820047
-0.110676
-0.121616
-0.108999
-0.0827687
-0.0537306
-0.0329591
-0.0253236
-0.0143199
-0.000790049
0.0103481
0.0217989
0.0334703
0.0435701
0.0416352
0.0219953
-0.00154867
-0.0186629
-0.0301956
-0.0395004
-0.0469977
-0.0515686
-0.0456225
-0.0337413
-0.0205038
-0.0102054
0.00587346
0.0173211
0.0137089
-0.0247846
-0.0513918
-0.0752708
-0.102573
-0.130778
-0.150514
-0.166328
-0.175252
-0.18388
-0.194396
-0.200747
-0.20982
-0.208458
-0.177504
-0.133679
-0.0870131
-0.0329659
0.0101911
0.0251682
0.0100167
-0.010918
-0.0290459
-0.0370464
-0.0357718
-0.0334562
-0.0282185
-0.0240375
-0.0111034
0.0122901
0.0352844
0.0699009
0.109782
0.14075
0.15648
0.166966
0.169738
0.169306
0.164903
0.154686
0.1458
0.141819
0.139928
0.151658
0.168262
0.174212
0.169004
0.15558
0.140354
0.120384
0.0931399
0.0699368
0.0591021
0.0606109
0.063823
0.0488876
0.0151075
-0.0322828
-0.065996
-0.0786314
-0.075205
-0.0633428
-0.0550624
-0.0366375
-0.0224391
-0.0233667
-0.0245912
-0.0264191
-0.0354639
-0.0538675
-0.0585868
-0.0385422
-0.0138861
0.0137058
0.0395397
0.0537482
0.0531347
0.0421703
0.0435003
0.0547853
0.0663171
0.076922
0.0841757
0.0894486
0.10899
0.135485
0.160453
0.183375
0.199151
0.209266
0.206817
0.189851
0.155555
0.104368
0.0613131
0.0286374
0.0158356
0.0197357
0.0501571
0.100698
0.133844
0.146472
0.142449
0.120328
0.0819126
0.0346572
-0.0123335
-0.0457194
-0.0793261
-0.0973148
-0.10519
-0.109613
-0.107602
-0.10505
-0.108778
-0.116279
-0.112425
-0.10527
-0.0962618
-0.104101
-0.121533
-0.143013
-0.155586
-0.159809
-0.163247
-0.17026
-0.186435
-0.209459
-0.226412
-0.221743
-0.202567
-0.169192
-0.137198
-0.107724
-0.0720016
-0.0356269
-0.0079499
0.0157908
0.0444939
0.0717478
0.0845867
0.0826178
0.0710727
0.0578369
0.0392838
0.0212343
0.00522367
0.00628218
0.016013
0.0266186
0.0367218
0.0453703
0.053283
0.0602923
0.0664904
0.0716413
0.0737442
0.0712425
0.0649063
0.0573568
0.0576612
0.0598203
0.0606187
0.0553518
0.0411276
0.0145704
-0.0213371
-0.0453087
-0.0629527
-0.0713152
-0.0719796
-0.0711135
-0.070009
-0.0748579
-0.0859688
-0.0973039
-0.106856
-0.110649
-0.112816
-0.109417
-0.103784
-0.0852042
-0.0591902
-0.0387301
-0.0231186
-0.0190103
-0.0312194
-0.0597844
-0.0856783
-0.109265
-0.11531
-0.111335
-0.0894909
-0.058716
-0.0309823
-0.00800877
0.00644035
0.0180525
0.0345398
0.0590811
0.0854091
0.102276
0.109417
0.114962
0.118319
0.123873
0.127184
0.130207
0.130795
0.131103
0.126489
0.122894
0.116615
0.117734
0.130411
0.145334
0.149699
0.149282
0.148316
0.134544
0.10124
0.0670973
0.0390351
0.0212862
0.0110684
-0.00475785
-0.0207014
-0.0381844
-0.0530681
-0.058471
-0.0447862
-0.0202773
-0.000609231
0.010997
0.017888
0.0236188
0.0272496
0.0252466
0.0179091
0.00677457
-0.00553314
-0.0161782
-0.0275662
-0.0375494
-0.0442607
-0.0455819
-0.0351364
-0.01582
0.00741152
0.0251724
0.0327165
0.0307532
0.0271072
0.0249468
0.0301268
0.0344634
0.0455393
0.0530634
0.0578762
0.0483926
0.0247686
0.0117283
0.00125324
-0.0134839
-0.0256561
-0.0362289
-0.0459325
-0.0553961
-0.0644302
-0.073576
-0.081775
-0.0870076
-0.0872461
-0.0903767
-0.0935584
-0.1094
-0.123644
-0.139619
-0.143354
-0.12072
-0.0765086
-0.0301453
-0.0080312
0.00607153
0.0138783
0.0217623
0.0308766
0.0443586
0.0558347
0.0698892
0.0833466
0.0991194
0.113967
0.121944
0.116048
0.108095
0.107203
0.112579
0.125996
0.144356
0.153428
0.158504
0.16011
0.161082
0.164562
0.168773
0.171644
0.174148
0.176928
0.176468
0.173527
0.172346
0.168518
0.159377
0.139782
0.116431
0.0853146
0.0575762
0.0387781
0.0222289
-7.78015e-05
-0.0238206
-0.0467323
-0.0668334
-0.0825071
-0.0915817
-0.0908215
-0.0885255
-0.0876057
-0.0881238
-0.0987364
-0.10933
-0.12355
-0.143384
-0.162614
-0.172698
-0.163679
-0.149977
-0.137786
-0.126037
-0.118477
-0.116783
-0.114797
-0.103013
-0.0893535
-0.0746941
-0.0574664
-0.0358963
-0.0124417
0.00933733
0.0290497
0.0420075
0.0372712
0.0214159
0.00754104
0.00133351
0.00904638
0.0214259
0.0438707
0.0651565
0.0864308
0.0980331
0.102679
0.10269
0.0989424
0.0998781
0.0997596
0.100303
0.107769
0.11829
0.117697
0.10855
0.0929074
0.0718289
0.0486817
0.0265528
0.00593131
-0.0130813
-0.0291562
-0.0419525
-0.0556227
-0.0705864
-0.0779726
-0.0774762
-0.0786206
-0.0859836
-0.0944089
-0.103262
-0.114682
-0.133864
-0.149225
-0.158973
-0.167824
-0.167938
-0.151482
-0.132258
-0.116366
-0.102137
-0.0928021
-0.081035
-0.0584856
-0.0358433
-0.0379487
-0.0570928
-0.0735265
-0.0817399
-0.0762458
-0.0719525
-0.0634414
-0.0368589
-0.0139817
-0.00203694
0.025015
0.0517029
0.0618082
0.0552002
0.0586422
0.0716571
0.074395
0.0737294
0.069024
0.0622274
0.0526681
0.0490412
0.0466583
0.0454137
0.0428693
0.0326868
0.0154041
0.00315481
0.00336395
0.00804311
0.0113714
0.0119995
0.00938442
0.000582287
-0.0173009
-0.0355916
-0.0553298
-0.0750434
-0.0943278
-0.100712
-0.101357
-0.0972528
-0.0945942
-0.0951496
-0.090684
-0.0877835
-0.0796124
-0.0641779
-0.0578377
-0.056712
-0.0605026
-0.0719718
-0.0814229
-0.0926079
-0.111965
-0.111711
-0.100694
-0.0907331
-0.0788491
-0.0729389
-0.06562
-0.0546078
-0.0412144
-0.0247064
-0.0108629
-0.0061298
-0.0184546
-0.0342363
-0.0433579
-0.0521888
-0.0499817
-0.0468891
-0.0395945
-0.0296952
-0.0272886
-0.0343186
-0.0406414
-0.0312738
-0.0158788
-0.00766527
0.00110038
0.00795851
0.0116361
0.0101092
0.00503833
-0.00359439
-0.00964834
-0.0181856
-0.0170706
-0.0100133
0.00117806
0.0167265
0.0226628
0.0206539
0.0172146
0.013726
0.0109609
0.00777121
0.00334023
-0.000958281
4.85902e-05
0.00119603
-0.00734666
-0.0180445
-0.0344741
-0.0599802
-0.070558
-0.0677036
-0.0628625
-0.0548965
-0.0465795
-0.0370877
-0.0327756
-0.0317434
-0.0310836
-0.0280595
-0.0241693
-0.0196272
-0.0152135
-0.00862433
-0.000493546
0.00804575
0.0172957
0.0255465
0.0327786
0.0416249
0.0514059
0.0576266
0.0631242
0.0667889
0.06982
0.0710235
0.0709263
0.0722778
0.0734656
0.0748563
0.0761298
0.0763004
0.0756264
0.0738602
0.0723978
0.0763596
0.0745331
0.0673889
0.0591097
0.0482724
0.0381986
0.0276571
0.0120524
-0.00479342
-0.0175167
-0.0293584
-0.0373405
-0.0439945
-0.0517595
-0.0600647
-0.0695221
-0.0794769
-0.0906408
-0.100613
-0.100838
-0.0994227
-0.0986072
-0.0979365
-0.0966707
-0.0948448
-0.092541
-0.0927379
-0.0975447
-0.101575
-0.100381
-0.0978701
-0.0904731
-0.0776896
-0.0653139
-0.0565284
-0.0489782
-0.0388098
-0.0259544
-0.0101144
0.00717796
0.0199686
0.0246985
0.028826
0.0355553
0.0439093
0.0534908
0.0679137
0.0866911
0.105426
0.119064
0.123487
0.123109
0.121107
0.123474
0.128301
0.135534
0.142173
0.149853
0.165431
0.177324
0.180995
0.180471
0.174472
0.167457
0.157847
0.145761
0.128928
0.114926
0.104807
0.0916123
0.0771302
0.0667401
0.0601357
0.0536108
0.0468931
0.0398512
0.0363277
0.0340144
0.0338701
0.0364548
0.0271093
0.0113098
-0.00442225
-0.0179053
-0.0308901
-0.0407079
-0.049845
-0.0548928
-0.0562146
-0.0567831
-0.0563383
-0.0617803
-0.068245
-0.0726674
-0.0771444
-0.083176
-0.0866612
-0.0879771
-0.0876776
-0.0859909
-0.0836238
-0.0815789
-0.0794047
-0.0764764
-0.0738856
-0.0665214
-0.0621849
-0.0635796
-0.0635402
-0.0617181
-0.0556437
-0.0443229
-0.0311072
-0.0214633
-0.0140081
-0.00760867
-0.00292283
0.00335244
0.0104634
0.0176954
0.0258196
0.0337809
0.0418345
0.0498457
0.0575283
0.0629782
0.06707
0.0683595
0.0688619
0.070926
0.0736056
0.0776199
0.0812097
0.0850177
0.0881775
0.0949784
0.103432
0.11223
0.117656
0.117716
0.114824
0.111307
0.104295
0.100614
0.0979083
0.0936963
0.0900722
0.082405
0.0780429
0.0751009
0.0744465
0.0732801
0.0726444
0.0703226
0.0674227
0.0614536
0.0521412
0.0440551
0.0395589
0.0366138
0.036119
0.0373284
0.0394263
0.0402803
0.0373709
0.0325199
0.0264695
0.0206703
0.0149694
0.010635
0.00750759
0.00567105
0.0068212
0.0102757
0.0114823
0.0119234
0.0128959
0.0139282
0.0155342
0.0173622
0.0197435
0.021376
0.0210626
0.0208923
0.0203061
0.0212576
0.0246453
0.0267511
0.0262229
0.0245035
0.0226384
0.0255098
0.0287777
0.0298236
0.0298209
0.0293266
0.0310865
0.0344721
0.038279
0.0411854
0.040278
0.0382893
0.0347323
0.0299822
0.0227952
0.0179473
0.0133077
0.00899775
0.00713208
0.00507915
0.00394259
0.000384515
-0.0052182
-0.0122178
-0.0157271
-0.0143578
-0.0151006
-0.0157653
-0.0200511
-0.0276742
-0.0357904
-0.0436255
-0.0508629
-0.0567514
-0.0617806
-0.0612176
-0.0576178
-0.0553314
-0.0526757
-0.0502252
-0.0479111
-0.0466326
-0.0449073
-0.0447548
-0.0449992
-0.0445751
-0.043854
-0.0432589
-0.0428561
-0.0387906
-0.0336115
-0.0265579
-0.021196
-0.0190694
-0.0174533
-0.0184633
-0.0200796
-0.0249753
-0.0307991
-0.038479
-0.0499801
-0.0606104
-0.068163
-0.0756969
-0.0801727
-0.0838995
-0.0877447
-0.0931198
-0.0984767
-0.104856
-0.112429
-0.120267
-0.126898
-0.134315
-0.136419
-0.134984
-0.13438
-0.133754
-0.134826
-0.136491
-0.133174
-0.127491
-0.12077
-0.11421
-0.111387
-0.108048
-0.105716
-0.103602
-0.100708
-0.0978534
-0.0953286
-0.0917109
-0.0867576
-0.0814176
-0.074834
-0.0677904
-0.0603963
-0.0518569
-0.0406196
-0.0293909
-0.018307
-0.00783113
-0.00246383
0.00147641
0.00466694
0.0075394
0.00947467
0.0117909
0.0177691
0.0229831
0.0268648
0.0296809
0.0321501
0.0327763
0.0315555
0.0298881
0.0278002
0.0267252
0.0257365
0.0239985
0.0205447
0.0165122
0.0181392
0.0204793
0.0229353
0.0252983
0.0255108
0.0267665
0.0276274
0.0298164
0.029477
0.030868
0.0357136
0.0395931
0.0429492
0.047211
0.050093
0.0549386
0.0622601
0.070384
0.0802569
0.0899118
0.0996222
0.108928
0.117919
0.126372
0.134013
0.139513
0.143943
0.14719
0.149146
0.150909
0.151957
0.151401
0.148959
0.144771
0.139024
0.13175
0.12091
0.107776
0.093788
0.0784026
0.062954
0.0489554
0.035202
0.0207484
0.00621045
-0.0111466
-0.0298285
-0.0484811
-0.0671114
-0.0852956
-0.102936
-0.119665
-0.135476
-0.15004
-0.163393
-0.174656
-0.183434
-0.190628
-0.194799
-0.196252
-0.1968
-0.195726
-0.194244
-0.191774
-0.188237
-0.183943
-0.176388
-0.165879
-0.153801
-0.14042
-0.124473
-0.106549
-0.0879732
-0.068806
-0.0498761
-0.0303721
-0.0121196
0.00495743
0.0213355
0.0352317
0.0482955
0.0611695
0.0753127
0.0883761
0.10028
0.110752
0.119644
0.126082
0.130592
0.131763
0.129721
0.128974
0.126953
0.127672
0.123
0.114644
0.103992
0.0902779
0.0754473
0.0595408
0.0426187
0.0258932
0.00805886
-0.00609296
-0.0167746
-0.0284062
-0.041012
-0.0533807
-0.0654498
-0.075032
-0.0852058
-0.0985009
-0.111387
-0.125529
-0.138273
-0.147506
-0.15371
-0.158447
-0.160319
-0.159446
-0.153679
-0.145537
-0.137821
-0.13035
-0.122105
-0.113111
-0.105206
-0.0979279
-0.0882691
-0.0777362
-0.0661018
-0.0531819
-0.0398476
-0.0264288
-0.0129628
7.67366e-05
0.0126643
0.0249916
0.0376564
0.0487847
0.0610903
0.0746659
0.0864677
0.0962254
0.104408
0.111219
0.116801
0.121568
0.124183
0.123124
0.120657
0.11705
0.111793
0.105204
0.0979144
0.0888152
0.0779004
0.069135
0.063025
0.0571953
0.0539483
0.050881
0.0461231
0.0411964
0.0357837
0.029959
0.0251411
0.0207898
0.0173616
0.0147382
0.0125692
0.0110733
0.0131919
0.0168304
0.0228389
0.0297562
0.0366131
0.0411007
0.0459103
0.0505782
0.0554294
0.0598019
0.064158
0.0682102
0.0718968
0.0744106
0.0763864
0.0778739
0.0778239
0.0752373
0.0721971
0.0678989
0.0631931
0.0579745
0.0522459
0.0455415
0.0383259
0.031228
0.0239254
0.0158372
0.00752459
-0.00177617
-0.0115341
-0.0217417
-0.031941
-0.0424985
-0.0516963
-0.0602687
-0.0661797
-0.0709191
-0.0750249
-0.0784638
-0.0836445
-0.0891823
-0.095105
-0.100371
-0.105447
-0.109966
-0.11355
-0.116471
-0.118671
-0.119858
-0.118902
-0.11672
-0.112479
-0.107093
-0.100346
-0.0926868
-0.0846167
-0.0772578
-0.0692401
-0.0594337
-0.0492569
-0.0378108
-0.0255887
-0.013221
-0.000535198
0.0122384
0.0230242
0.0329504
0.0423125
0.0497168
0.0570907
0.0642842
0.0702719
0.0731686
0.076531
0.0807982
0.0845944
0.088399
0.092244
0.0953418
0.0980253
0.100389
0.102299
0.105962
0.110617
0.113221
0.113888
0.113925
0.11317
0.111923
0.110276
0.108242
0.105176
0.102025
0.0963261
0.0883134
0.0805289
0.0722042
0.0644618
0.0560822
0.0500966
0.0448156
0.0404269
0.0388459
0.0377709
0.0359308
0.0330936
0.030628
0.0278159
0.0248601
0.0221041
0.0195623
0.0172227
0.0139516
0.0106439
0.00750553
0.00451807
0.00173481
-0.000972513
-0.00346033
-0.00603426
-0.00737072
-0.00784944
-0.00840206
-0.0087704
-0.00936678
-0.00997646
-0.0107096
-0.0116753
-0.0129608
-0.0144548
-0.0178825
-0.0199059
-0.0208947
-0.0224895
-0.0232204
-0.0227166
-0.0222933
-0.0217599
-0.0213392
-0.0214665
-0.0219693
-0.0238386
-0.0280749
-0.0323225
-0.037105
-0.0417992
-0.0467108
-0.0515355
-0.056366
-0.0610746
-0.0657704
-0.071372
-0.0772928
-0.0829499
-0.0881605
-0.0931814
-0.0975002
-0.0997983
-0.101847
-0.103245
-0.104493
-0.106112
-0.107572
-0.108561
-0.109188
-0.109244
-0.108919
-0.108049
-0.106744
-0.104853
-0.102575
-0.0997455
-0.0961608
-0.0920491
-0.0875015
-0.0836315
-0.0797066
-0.0756313
-0.0704665
-0.0630823
-0.055883
-0.0496749
-0.0437163
-0.0375568
-0.0314288
-0.0248438
-0.0183392
-0.0116866
-0.00519051
0.00158796
0.00814672
0.0147091
0.0220675
0.029666
0.0368444
0.0440808
0.0504085
0.0551728
0.0594167
0.0633195
0.0664846
0.0690896
0.0712052
0.0731171
0.0749151
0.0763348
0.0768271
0.0768154
0.0763442
0.0755042
0.0752654
0.0749754
0.0742567
0.0734642
0.0706473
0.0666354
0.0622868
0.0587031
0.0576868
0.0583673
0.0594354
0.0594414
0.0578737
0.0562627
0.0542348
0.0503051
0.0462796
0.0407342
0.0339246
0.0271348
0.0222603
0.018713
0.0161143
0.0140058
0.0128398
0.0129254
0.0128345
0.0098117
0.00580014
0.00268132
-0.000534894
-0.0032041
-0.00593139
-0.00821824
-0.0105215
-0.0124172
-0.0142999
-0.0158282
-0.0171283
-0.0178328
-0.0185698
-0.0188978
-0.0192756
-0.0192889
-0.0193673
-0.018567
-0.0177357
-0.0165365
-0.0154759
-0.014063
-0.011754
-0.00835932
-0.00652893
-0.00720493
-0.00810541
-0.00946109
-0.0110405
-0.0116243
-0.0116184
-0.0112372
-0.00932533
-0.0073681
-0.00545813
-0.0044024
-0.00346024
-0.00269373
-0.00165376
-0.000476055
0.000492496
0.00394735
0.00845302
0.0123131
0.0161871
0.0189182
0.0174948
0.016005
0.0135537
0.0123934
0.0135848
0.0146855
0.0154239
0.0157707
0.0160901
0.0160482
0.0160016
0.0160706
0.0166168
0.0153266
0.0124458
0.00966848
0.00655396
0.00285737
-0.00126004
-0.00521438
-0.00942241
-0.0131744
-0.0160736
-0.0188492
-0.0215564
-0.0242113
-0.0268664
-0.0278876
-0.0285264
-0.0290446
-0.0295977
-0.0302344
-0.0303431
-0.0292167
-0.0295803
-0.0319527
-0.0340964
-0.0365697
-0.0391437
-0.0411112
-0.0397968
-0.0393417
-0.0353121
-0.0320069
-0.0330038
-0.0332019
-0.0342209
-0.034155
-0.0343327
-0.0340486
-0.0338735
-0.0334657
-0.0329374
-0.03105
-0.0292905
-0.0271033
-0.025467
-0.0235362
-0.0221223
-0.0216345
-0.0212525
-0.0195124
-0.0175265
-0.0153328
-0.0130561
-0.0105149
-0.00817232
-0.00480042
-0.00115522
0.00273528
0.00629114
0.00751449
0.00809014
0.0092381
0.0118645
0.0143742
0.0168964
0.0194338
0.0217456
0.0237191
0.0258588
0.0272769
0.0272783
0.0273423
0.0271452
0.0265279
0.0255284
0.0246705
0.0234944
0.0229294
0.0233634
0.023722
0.0242662
0.0264344
0.0290341
0.0307767
0.0316754
0.0325865
0.0332464
0.0333726
0.0332156
0.0330151
0.0327527
0.0315749
0.0302213
0.0331635
0.0368355
0.0380605
0.0382035
0.0379262
0.0370944
0.0364536
0.0354718
0.0347143
0.0334093
0.0318174
0.0300248
0.0282875
0.0263244
0.0250418
0.0238343
0.0227246
0.0214019
0.021902
0.0228279
0.0240052
0.0243201
0.0232739
0.022377
0.0210312
0.0206349
0.0212301
0.0217555
0.0222155
0.0218938
0.0219841
0.0203679
0.0172466
0.0142513
0.0108699
0.00849041
0.00666457
0.00490146
0.00307877
0.00188913
0.00219342
0.00233763
0.00289761
0.00263788
0.00173211
0.000980694
-0.000948793
-0.00353901
-0.00606225
-0.00852994
-0.00935904
-0.0101544
-0.0106433
-0.0112577
-0.0116558
-0.0115535
-0.0111509
-0.0108434
-0.0103007
-0.0100163
-0.00973491
-0.00958768
-0.00921451
-0.00910776
-0.00818527
-0.00633308
-0.00433619
-0.00255047
-0.000667846
0.000821293
-0.000623017
-0.00255322
-0.00451963
-0.00666812
-0.00959669
-0.0127367
-0.0157242
-0.0188965
-0.0215592
-0.0210308
-0.0199696
-0.0205687
-0.0214627
-0.0224729
-0.0235006
-0.0244759
-0.0254376
-0.0263183
-0.0273146
-0.0273262
-0.0264207
-0.0256273
-0.0245869
-0.0236902
-0.0226512
-0.0217177
-0.0206619
-0.0198211
-0.0189188
-0.0181046
-0.0172009
-0.016381
-0.0153929
-0.0144467
-0.013424
-0.012467
-0.0114525
-0.0104846
-0.00953126
-0.00902876
-0.00848251
-0.00804182
-0.00754062
-0.00711791
-0.00530495
-0.00316284
-0.000988045
0.00130115
0.00267006
0.00337927
0.00425569
0.00472702
0.00410258
0.00326583
0.00232859
0.00222354
0.00268808
0.00301549
0.00352171
0.00387525
0.00429587
0.00494648
0.00597352
0.00683827
0.00785319
0.0087167
0.0096568
0.00981191
0.00997108
0.0099499
0.0100318
0.00997804
0.0100452
0.00994046
0.0101958
0.0105027
0.010893
0.0111902
0.0119019
0.0125899
0.0133788
0.0143796
0.0155223
0.0165672
0.0176982
0.0183211
0.0189504
0.0194413
0.0200526
0.0190442
0.0175771
0.0159997
0.0142317
0.0124545
0.0106841
0.00889335
0.00713379
0.00537109
0.0035302
0.00373354
0.00490955
0.00595933
0.00728463
0.00840224
0.0075689
0.00604243
0.00446165
0.00329691
0.00356358
0.0034225
0.00396936
0.00513212
0.00658661
0.00784692
0.00942229
0.0101444
0.0104364
0.0105854
0.010803
0.0108847
0.0111293
0.0111679
0.0107601
0.010079
0.00953654
0.00881562
0.00826201
0.00758609
0.00691671
0.00423954
0.00168573
-0.00154541
-0.00249662
-0.00192939
-0.00131807
-0.00100215
-0.000368893
-1.32186e-06
0.000199417
0.000359916
0.000566994
0.000671773
0.000561694
0.000299339
0.000171507
-0.000171414
-8.94264e-05
0.000860442
0.00195762
0.00300582
0.00419687
0.00514617
0.00528219
0.00500936
0.00507731
0.00363586
0.00103639
-0.00157649
-0.0021907
-0.00200262
-0.00181122
-0.00146856
-0.00122501
-0.000836395
-0.000334225
0.000145957
0.000656758
0.00113801
0.00158395
0.00183138
0.00214089
0.00235743
0.00265519
0.00284307
0.00303719
0.00313879
0.00333362
0.00335754
0.00326346
0.0030965
0.00298497
0.00280456
0.00270522
0.0025239
0.00246034
0.00235102
0.00232214
0.00221846
0.0021956
0.00209377
0.00207194
0.00197859
0.00194246
0.00192987
0.00225467
0.0024671
0.00280674
0.00301974
0.00333851
0.00352925
0.00383523
0.0039832
0.00405481
0.00399324
0.00402566
0.00394207
0.00397002
0.00387963
0.00390236
0.00380295
0.00382983
0.00350045
0.00319514
0.00278399
0.00247795
0.00207642
0.00179361
0.00140754
0.00114572
0.000776471
0.000535835
0.000182079
-8.94911e-05
-0.000477901
-0.000735198
-0.00110005
-0.00135288
-0.00118175
-0.000663717
-0.000308561
0.000209812
0.000549721
0.000952793
0.000963264
0.00122719
0.000704421
-3.06028e-06
-0.000830883
-0.00149642
-0.00236645
-0.00238087
-0.00185268
-0.0013083
-0.000748025
-0.000379964
-0.000199099
2.70619e-05
0.000206137
-2.73307e-05
-0.000762885
-0.00131791
-0.00203142
-0.00208002
-0.00219733
-0.00213394
-0.00221453
-0.00214758
-0.00224182
-0.00223711
-0.00237347
-0.00237502
-0.00249496
-0.00253085
-0.00243325
-0.00175702
-0.001333
-0.000697212
-0.000336837
0.000205277
0.000451167
0.00096015
0.000827034
0.000187833
-0.000557828
-0.00119872
-0.00185429
-0.00226342
-0.002804
-0.00313735
-0.00361024
-0.00388679
-0.00428061
-0.00424239
-0.00436584
-0.00427653
-0.00439266
-0.00428156
-0.00435135
-0.00419749
-0.00436475
-0.00450584
-0.00483296
-0.00491999
-0.0052846
-0.00493731
-0.00409761
-0.00351919
-0.0033988
-0.00326891
-0.00368335
-0.00387724
-0.00427547
-0.00451016
-0.0049488
-0.00514315
-0.00550135
-0.00541912
-0.00553053
-0.00540907
-0.00551622
-0.0054015
-0.00552084
-0.00541202
-0.00553838
-0.00542731
-0.00556197
-0.00545577
-0.00560038
-0.00549752
-0.00565121
-0.00554851
-0.00567729
-0.00555023
-0.00569065
-0.00557571
-0.00582198
-0.0057923
-0.00603044
-0.00591774
-0.0060608
-0.00592029
-0.0060624
-0.0059145
-0.00606684
-0.0059439
-0.00612433
-0.00598712
-0.00615381
-0.00599481
-0.00615026
-0.00596449
-0.00611041
-0.00591567
-0.00607174
-0.00586108
-0.00599599
-0.00576472
-0.00590281
-0.00565659
-0.00579085
-0.00552657
-0.00565722
-0.00536968
-0.00549468
-0.00518205
-0.0053014
-0.00496041
-0.00507574
-0.00470642
-0.00482061
-0.00441916
-0.00453449
-0.00409617
-0.00421626
-0.00373359
-0.00386491
-0.00332677
-0.00348199
-0.00286821
-0.00307458
-0.00233992
-0.0026726
-0.00166539
-0.00251094
-0.000362736
