0.00198001
0.00337472
0.00275589
0.00320848
0.00276758
0.00314281
0.00276531
0.00311031
0.00272418
0.0031042
0.00282988
0.00322937
0.00294677
0.00340718
0.00318764
0.00369589
0.00313095
0.00263212
0.00207899
0.00164613
-0.00119916
-0.000338628
0.00152269
0.00237277
0.00198197
0.00429519
0.00962754
0.0132771
0.0049877
-0.000771382
0.00535685
0.0176897
0.01936
0.0203575
0.0289466
0.0359536
0.026143
-0.00599565
-0.0454322
-0.0591471
-0.0783197
-0.0957985
-0.0842265
-0.0326274
0.0125368
0.043762
0.0853901
0.121211
0.0949077
0.0266019
-0.0217214
-0.0670428
-0.0831225
-0.0900418
-0.0534192
0.0726276
0.121912
0.0278785
-0.0496787
-0.0488379
-0.0160817
0.0594981
0.112038
0.0982383
0.0418195
-0.0160502
-0.0415798
-0.00678116
0.0778229
0.00367426
-0.097418
-0.0703849
-0.0383111
-0.0596615
-0.0905902
-0.105769
-0.0809468
-0.0469919
-0.0619391
-0.137126
-0.135966
0.0469677
0.145959
0.0322621
-0.0552606
-0.0350493
0.0606944
0.0713209
-0.0441305
-0.150322
-0.230704
-0.366295
-0.324718
-0.11431
0.107387
0.203933
0.151838
0.146268
0.192438
0.281902
0.29349
0.115693
-0.0986525
-0.0787697
-0.0762277
-0.198383
-0.322998
-0.282432
0.168363
0.486815
0.365399
-0.0299364
-0.207626
-0.129097
-0.0012981
0.261904
0.334811
0.282927
0.221904
0.0675079
-0.1452
-0.145304
-0.00429451
0.0345577
-0.095475
-0.134492
-0.0937079
-0.0755346
-0.0390334
0.0682187
0.0626663
-0.00558705
-0.0315251
-0.160982
-0.325925
-0.506485
-0.650808
-0.493997
-0.191313
-0.0552265
0.212104
-0.0289408
0.759969
1.00259
0.572022
0.713961
0.33404
0.347081
0.110924
-0.0419618
0.0503636
0.165017
0.0279961
-0.276586
-0.504844
-0.643745
-0.727143
-0.516547
-0.111861
0.099837
0.16106
0.211394
0.264424
0.398377
0.519204
0.372951
0.0883676
-0.0365111
0.091502
0.153244
-0.025003
-0.136685
-0.25232
-0.432562
-0.631759
-0.501827
-0.127011
0.234858
0.027465
-0.355093
-0.564325
-0.474258
-0.0912726
0.0991799
0.113636
0.0711265
0.0405859
0.144462
0.173215
0.176999
0.430188
0.381558
0.0365428
-0.215408
-0.131636
0.211435
0.278039
0.0290828
-0.10859
-0.227074
-0.269642
-0.326881
-0.293003
-0.152859
-0.0648696
-0.201639
-0.260624
-0.0797825
0.0833767
0.0742458
-0.143534
-0.207448
-0.112559
-0.0342368
0.044917
0.217065
0.335978
0.216376
0.160774
0.188384
0.147077
0.13859
0.272366
0.467449
0.221752
-0.165211
-0.325808
-0.18344
0.149784
0.484907
0.699024
0.620642
0.27594
-0.0225297
-0.323842
-0.616766
-0.56392
-0.155117
-0.0954336
-0.151038
0.326661
0.62837
0.661231
0.615488
0.467543
0.232102
0.101234
0.157402
0.161421
0.089801
-0.0709221
-0.292104
-0.332778
-0.399919
-0.541986
-0.596655
-0.332441
-0.0146623
0.129259
0.14646
-0.103579
-0.20515
0.0256703
0.154721
-0.101284
-0.440165
-0.209139
0.421318
0.687672
0.515117
0.0347727
-0.0525526
0.0510833
-0.155819
-0.493279
-0.527993
-0.325272
-0.284093
0.00668368
0.265742
0.160341
0.0930768
-0.138365
-0.364484
-0.3577
-0.102583
0.0710839
-0.022115
-0.225816
-0.319511
-0.151568
0.174941
0.540617
0.465219
0.188994
0.0604254
-0.0451662
-0.0982384
-0.0295226
0.161389
0.295198
0.275095
0.00407189
-0.117217
0.0577701
0.197694
-0.0313944
-0.20963
-0.175061
-0.193364
-0.354088
-0.470644
-0.32066
0.134428
0.263547
-0.0377793
-0.123609
0.0239814
0.163494
0.236056
0.348402
0.481582
0.513629
0.263395
-0.0756479
-0.113967
-0.00428623
0.128488
0.271914
0.51864
0.58186
0.318058
0.0908361
-0.045744
-0.149171
-0.278371
-0.345516
-0.288298
-0.114941
-0.121028
-0.297197
-0.340634
-0.345
-0.418686
-0.438919
-0.281454
-0.18406
-0.21393
-0.141278
0.0689734
0.3048
0.297841
0.133859
0.0615227
0.0488775
0.0516902
0.166292
0.300398
0.301727
0.436144
0.544403
0.180193
-0.32198
-0.414448
-0.190911
-0.077364
-0.079258
-0.0553541
-0.0253891
-0.0468932
-0.0804841
-0.112798
-0.124827
-0.108721
-0.0947696
-0.144352
-0.1886
-0.161779
-0.0578256
0.0402904
-0.0270455
-0.0428999
-0.0203333
-0.157597
-0.285098
-0.165914
0.0695012
0.030559
-0.0475025
0.166624
0.345839
0.246473
0.145172
0.346842
0.610103
0.589748
0.361024
0.160291
-0.0460375
-0.332712
-0.399151
-0.234824
-0.0288094
-0.0972877
-0.274023
-0.231779
-0.108913
-0.0962793
-0.0977763
-0.0928918
-0.104456
-0.139444
-0.106804
-0.028696
-0.0259561
-0.0807714
-0.041658
0.0545357
0.0543955
-0.0869893
-0.162572
-0.0698973
0.0732335
0.155753
0.161053
0.152198
0.142222
0.112659
0.0157575
-0.0177499
0.0504129
0.114205
0.0763639
0.0115272
0.00471589
-0.0249168
-0.104249
-0.130534
-0.0411187
0.0834753
0.130578
0.151174
0.0617223
-0.0667977
-0.0829944
-0.109642
-0.149671
-0.169578
-0.173085
-0.171667
-0.0942679
0.0575707
0.144549
0.0717612
-0.109226
-0.20611
-0.0937741
0.0289881
-0.0235597
-0.166627
-0.209567
-0.178927
-0.155172
-0.166556
-0.249164
-0.389424
-0.38837
-0.0436454
0.388168
0.512153
0.407116
0.227302
0.120577
0.164838
0.310848
0.448444
0.481178
0.417563
0.314012
0.165608
-0.0529181
-0.257918
-0.422983
-0.407655
-0.292561
-0.167658
-0.0933966
-0.0314718
0.0145902
-0.00208614
-0.064314
-0.140441
-0.196939
-0.204599
-0.0175529
0.206061
0.27655
0.261066
0.15975
0.104333
0.159329
0.168159
0.095445
-0.00720304
0.0120885
0.0448181
0.0376201
-0.0147738
-0.141803
-0.261895
-0.244516
-0.061804
0.0725629
0.0267262
-0.0962869
-0.234769
-0.357372
-0.242267
0.079092
0.214234
0.237971
0.207329
0.0820855
0.00685031
0.109455
0.248816
0.257888
0.206443
0.199057
0.165415
0.0860192
0.0811987
0.15823
0.180576
0.133722
0.00356065
-0.216382
-0.369062
-0.343344
-0.258576
-0.158113
-0.0906344
-0.0809953
-0.0488861
0.0156943
0.0492074
0.057345
0.102384
0.0963328
-0.0351938
-0.116132
-0.0888386
-0.0833373
-0.14432
-0.249872
-0.287298
-0.289897
-0.278412
-0.239695
-0.109184
0.00765459
-0.0389693
-0.237728
-0.351441
-0.260071
-0.169079
0.0401662
0.224182
0.275423
0.23611
0.135582
0.0783369
0.0791726
0.116526
0.118821
0.0536393
0.0539445
0.0325675
-0.0802523
-0.132561
-0.148031
-0.1102
0.0286376
0.113028
-0.0367424
-0.214393
-0.254767
-0.207528
0.0124447
0.270101
0.385892
0.47079
0.360455
0.116668
0.0156474
0.0193742
0.0275681
0.0523185
0.0777238
0.021003
-0.0196687
-0.00163744
0.0335712
0.0341407
0.0135825
-0.0131645
-0.0326021
-0.0729734
-0.140387
-0.257991
-0.31581
-0.248658
-0.139564
-0.110575
-0.0770398
0.0259374
0.190268
0.245005
0.210358
0.212613
0.250539
0.314768
0.368045
0.407905
0.374483
0.181483
0.0356839
-0.0294994
-0.10203
-0.142229
-0.166231
-0.202804
-0.272838
-0.295716
-0.253065
-0.155098
-0.0478646
0.00786157
-0.057834
-0.131189
-0.0729012
0.162835
0.351118
0.417169
0.423585
0.173996
-0.0412803
-0.0517207
-0.0161646
0.0374797
0.0950579
-0.0157082
-0.295244
-0.399364
-0.411245
-0.344236
-0.202218
-0.114096
-0.0957795
-0.0949727
-0.135766
-0.236604
-0.298487
-0.257137
-0.0787076
0.121708
0.230591
0.300036
0.327037
0.30912
0.254356
0.162122
0.0343801
-0.0727891
-0.0840251
-0.0500672
-0.0280307
0.0118459
0.090007
0.115621
-0.00476284
-0.0877007
-0.0931941
-0.132549
-0.157088
-0.087667
0.0101349
0.0295843
0.0324042
0.0528521
0.0601472
0.0952124
0.14879
0.194672
0.225136
0.188572
0.0613591
-0.0882142
-0.154472
-0.161093
-0.137341
-0.0742995
0.02736
0.0936287
0.0919948
0.0813727
0.0982482
0.16906
0.220227
0.179267
0.109085
0.0549245
0.00889055
-0.0209026
-0.0330725
-0.0241911
0.0304617
0.16833
0.279728
0.314953
0.374514
0.424781
0.408941
0.295651
0.125489
0.0328888
0.0633851
0.140207
0.191104
0.202785
0.111114
-0.0690823
-0.179369
-0.286239
-0.375491
-0.374301
-0.329105
-0.214285
-0.12267
-0.0801807
-0.0586399
-0.146222
-0.304004
-0.331566
-0.353506
-0.400443
-0.409554
-0.366249
-0.296606
-0.243556
-0.181694
-0.0678412
0.0637054
0.180863
0.190754
0.0820206
0.0687153
0.14493
0.247818
0.331931
0.265316
0.0968137
-0.0403748
-0.129784
-0.115408
0.0542439
0.21256
0.297197
0.307003
0.256626
0.183399
0.102917
0.0511873
0.0154972
-0.0366448
-0.148814
-0.270005
-0.325069
-0.288284
-0.130125
0.0544193
0.173878
0.256487
0.214016
0.053707
-0.0770515
-0.143326
-0.162617
-0.121295
-0.0476911
0.00475233
0.0405634
0.0992175
0.147217
0.171922
0.173398
0.132428
0.0845157
0.0580838
0.0291688
0.00865603
0.00169892
0.00214327
0.00842335
0.0129913
0.0140574
0.0354298
0.0903528
0.112957
0.122308
0.133998
0.0934588
0.0316295
0.0206789
0.0662886
0.142879
0.185722
0.14746
0.0649492
-0.0308472
-0.146909
-0.262324
-0.34198
-0.354044
-0.28651
-0.24107
-0.222438
-0.192106
-0.159094
-0.118772
-0.044725
0.0901156
0.250344
0.275629
0.285669
0.283415
0.184308
0.0491755
-0.0695665
-0.198871
-0.318819
-0.389006
-0.412595
-0.325049
-0.125486
-0.00404788
0.0011795
-0.0856701
-0.1483
-0.147565
-0.137283
-0.0820087
0.0220129
0.0370457
0.0172913
0.0162367
0.0132035
0.0306166
0.117344
0.198862
0.19497
0.0739664
-0.0292324
-0.0494726
-0.0530055
0.0409621
0.128413
0.0879922
0.0461486
0.0444123
0.0843415
0.13947
0.148798
0.130076
0.113492
0.0919149
0.126828
0.19431
0.271207
0.277801
0.138163
-0.0367008
-0.155894
-0.277509
-0.331486
-0.272088
-0.218219
-0.157924
-0.0988517
-0.0563007
-0.0676573
-0.144497
-0.194913
-0.204606
-0.17853
-0.119846
-0.0125575
0.0849246
0.138311
0.233758
0.299486
0.258969
0.155489
0.133479
0.132561
0.0942453
0.0478788
-0.031534
-0.136399
-0.229967
-0.26648
-0.246092
-0.19917
-0.111149
0.00788811
0.0589897
0.0634453
-0.00245052
-0.0385887
0.00423066
0.0517557
0.0826009
0.113447
0.127444
0.12487
0.117702
0.099467
0.0656339
0.0154484
-0.0615658
-0.167433
-0.201653
-0.163827
-0.106074
-0.0484654
0.0585127
0.136486
0.100441
0.0376534
0.03636
0.0454255
0.0370674
0.0404875
0.054751
0.0755593
0.116461
0.156656
0.0940022
-0.0449373
-0.137819
-0.221704
-0.316994
-0.346513
-0.29966
-0.240842
-0.190687
-0.145086
-0.118793
-0.0992564
-0.0813917
-0.0598973
-0.0320934
0.011787
0.0597639
0.106444
0.103978
0.025436
-0.0633104
-0.156259
-0.19503
-0.20349
-0.219123
-0.219933
-0.198208
-0.152747
-0.0775339
-0.0106276
0.0312992
0.0793153
0.12223
0.167589
0.200644
0.227485
0.251701
0.248078
0.205344
0.159774
0.111703
0.0689897
-0.0450783
-0.140662
-0.189817
-0.234708
-0.207376
-0.0985813
0.0208243
0.0883051
0.105693
0.080922
0.0691517
0.0508967
0.00909258
0.00795784
0.03472
0.0414512
0.0106969
-0.0690116
-0.162048
-0.228675
-0.235957
-0.182658
-0.0798731
-0.0276616
-0.00688582
0.00266403
-0.0222726
-0.045409
-0.0449079
-0.0217994
0.0258364
0.0865901
0.119704
0.129651
0.139841
0.139594
0.131933
0.116927
0.090165
0.0303779
-0.0755324
-0.141181
-0.169928
-0.185252
-0.174236
-0.163939
-0.15374
-0.144248
-0.122301
-0.10526
-0.0952203
-0.0817463
-0.0578399
-0.0331474
-0.0179152
-0.00184877
0.0147004
0.026335
0.031582
0.0178705
-0.00415075
-0.0254978
-0.039415
-0.0270263
-0.00243477
0.020584
0.0547811
0.101892
0.156863
0.197855
0.223652
0.246152
0.262006
0.272189
0.2815
0.289369
0.297756
0.305429
0.307835
0.276553
0.220234
0.173465
0.116955
0.0549685
0.00113437
-0.0440215
-0.0771
-0.0985623
-0.100838
-0.0823542
-0.0514259
-0.0175224
0.0110667
0.0269159
0.0196624
0.00170228
-0.0127923
-0.0383429
-0.0665746
-0.0770447
-0.100093
-0.135424
-0.155547
-0.148004
-0.105288
-0.0233242
0.031612
0.0607325
0.0916027
0.111243
0.144164
0.177124
0.204443
0.220535
0.230268
0.220406
0.177909
0.115755
0.0834434
0.0827802
0.083529
0.0893555
0.0855461
0.0391053
-0.048097
-0.125291
-0.174321
-0.202491
-0.165366
-0.0975436
-0.0527482
-0.0479251
-0.0655334
-0.0744152
-0.0596812
-0.0238758
0.0100063
-0.0169252
-0.0676238
-0.0877415
-0.10253
-0.11204
-0.0943391
-0.0616595
-0.0322771
-0.0185007
-0.0121943
-0.00503564
0.00924284
0.0321264
0.0449211
0.0459527
0.0452835
0.0466428
0.0464774
0.0507315
0.0555317
0.067545
0.0845948
0.101416
0.13386
0.176707
0.193433
0.16819
0.105744
0.0482577
0.0456061
0.0190031
-0.0292812
-0.0489675
-0.0395301
-0.0218669
-0.0157641
-0.0029319
0.0156535
0.0288389
0.0370997
0.0440392
0.0417385
0.0368315
0.0329412
0.0269522
0.022006
0.0224427
0.0364691
0.0686377
0.115715
0.155439
0.180546
0.205765
0.219909
0.223729
0.212911
0.168524
0.133816
0.0960958
0.0349294
-0.0196873
-0.0476476
-0.0393059
-0.032713
0.000361042
0.0731367
0.109452
0.102218
0.0546059
-0.0178071
-0.0673376
-0.0913615
-0.0962794
-0.0706962
-0.0228605
0.00807489
0.0039362
-0.0230297
-0.0621617
-0.110217
-0.149247
-0.169409
-0.17586
-0.163625
-0.137234
-0.100521
-0.0653677
-0.0401497
-0.0137961
0.013857
0.0295417
0.0214191
0.0045943
-0.00790107
0.00657478
0.0377965
0.0656657
0.092392
0.118841
0.124212
0.0747371
0.0280843
0.0252331
0.0386497
0.0475474
0.0593353
0.0765336
0.0890461
0.10793
0.134674
0.145806
0.131331
0.103309
0.0784113
0.0621819
0.0345564
-0.00618466
-0.0495803
-0.0975633
-0.137712
-0.165256
-0.174006
-0.17213
-0.155849
-0.143825
-0.132647
-0.115986
-0.0910039
-0.0635911
-0.0210613
0.029654
0.0721719
0.0966166
0.0961776
0.0603719
0.0102976
-0.0181162
-0.0377614
-0.0507657
-0.0496426
-0.0525484
-0.0571107
-0.0693908
-0.0888668
-0.137188
-0.212303
-0.229819
-0.226826
-0.242158
-0.255917
-0.262463
-0.257559
-0.239732
-0.22191
-0.220822
-0.248401
-0.309936
-0.386387
-0.429351
-0.433552
-0.42888
-0.406454
-0.372678
-0.331937
-0.285257
-0.229084
-0.154096
-0.0747541
0.000594679
0.0594253
0.0886965
0.096078
0.084853
0.0654013
0.0590274
0.0654244
0.0866378
0.114509
0.142177
0.163857
0.174499
0.185962
0.175519
0.152165
0.133733
0.120004
0.105255
0.0845939
0.0621461
0.0570459
0.06105
0.050428
0.0398432
0.0479648
0.0814625
0.107326
0.114445
0.103427
0.0785528
0.0400358
-0.00743817
-0.0699342
-0.136644
-0.198273
-0.253771
-0.298513
-0.353012
-0.391491
-0.37825
-0.335478
-0.287584
-0.208805
-0.132216
-0.102206
-0.0859189
-0.068801
-0.053282
-0.0376755
-0.00835181
0.0286081
0.0735733
0.116799
0.147227
0.16938
0.176348
0.171297
0.161754
0.152951
0.139441
0.125031
0.106648
0.0791982
0.0393613
-0.0151698
-0.0788178
-0.12525
-0.145525
-0.138097
-0.125033
-0.104827
-0.0678803
-0.0313666
-0.00868203
0.00504259
0.0177251
0.0333658
0.0468651
0.0763328
0.115475
0.156114
0.20897
0.259994
0.295121
0.301419
0.285437
0.255822
0.23292
0.203018
0.167614
0.108596
0.0452776
-0.000606694
-0.0370765
-0.0685232
-0.0704892
-0.0621116
-0.0582789
-0.0450392
-0.036215
-0.0332138
-0.0233595
0.00579714
0.0439754
0.077676
0.0991006
0.0987157
0.0871222
0.104241
0.123315
0.123487
0.129959
0.134003
0.132118
0.143901
0.183195
0.237207
0.301709
0.357334
0.391772
0.400722
0.399062
0.388449
0.350293
0.293133
0.234593
0.172813
0.101972
0.0314439
-0.0325598
-0.101304
-0.174552
-0.238103
-0.28663
-0.318861
-0.334394
-0.336539
-0.306166
-0.257979
-0.241396
-0.236705
-0.21201
-0.179615
-0.166519
-0.153841
-0.125169
-0.100256
-0.0754713
-0.0317284
0.0107961
0.0268441
0.0362028
0.0259778
0.00417815
0.00481283
0.0339046
0.0604648
0.085968
0.102989
0.0984805
0.0571271
-0.000834226
-0.0579771
-0.122871
-0.16402
-0.185013
-0.178543
-0.165063
-0.152491
-0.137234
-0.125874
-0.112063
-0.0937256
-0.0679634
-0.0411941
-0.0130186
0.0174769
0.0460314
0.0723433
0.101687
0.129984
0.153254
0.168281
0.173226
0.169093
0.152875
0.127493
0.107939
0.0939146
0.0879172
0.0885208
0.0956661
0.104728
0.109382
0.107738
0.0944474
0.0633646
0.0173323
-0.0396519
-0.0841648
-0.102835
-0.108595
-0.0977669
-0.0738388
-0.0449476
-0.0104584
0.0142763
0.0215857
0.0269199
0.0309734
0.0372294
0.0564105
0.0960394
0.140686
0.16593
0.18164
0.18698
0.189932
0.193167
0.200881
0.212936
0.2277
0.238896
0.242449
0.22841
0.2064
0.18647
0.15319
0.127461
0.105484
0.0620261
0.00760964
-0.0539678
-0.103012
-0.148945
-0.180122
-0.182416
-0.170082
-0.142368
-0.119866
-0.11041
-0.0891604
-0.0613802
-0.0459753
-0.0356298
-0.0257099
-0.0177254
-0.00977887
-0.00423642
0.0122303
0.0497319
0.0975898
0.129133
0.134595
0.125242
0.103737
0.0486771
-0.0122669
-0.042604
-0.109175
-0.18435
-0.244703
-0.291298
-0.311419
-0.311005
-0.290288
-0.254735
-0.225637
-0.207014
-0.186119
-0.153613
-0.109434
-0.0788511
-0.05295
-0.0139825
0.00614938
0.0230913
0.0404823
0.0484894
0.0477401
0.0394209
0.034146
0.0293309
0.0244743
0.0264087
0.026156
0.0262425
0.0289644
0.0337956
0.0384269
0.054064
0.065034
0.0639866
0.0390811
0.00461795
-0.0122358
-0.0173529
-0.00575186
0.0106932
0.0209946
0.0267184
0.0337748
0.0372407
0.0409614
0.0444651
0.0595067
0.0851934
0.109736
0.128054
0.142251
0.142738
0.131528
0.104618
0.0483348
0.000663979
-0.0310247
-0.0629176
-0.0885527
-0.101073
-0.104534
-0.112987
-0.122097
-0.124064
-0.113801
-0.0893927
-0.050982
-0.0216218
0.00465452
0.0322559
0.054036
0.0608392
0.054141
0.0452808
0.0374005
0.0264797
0.0122703
0.00761362
0.0132035
0.0295534
0.046112
0.0513595
0.0524987
0.0419958
0.0103821
-0.0195503
-0.0338687
-0.0376975
-0.0370918
-0.032467
-0.0228939
-0.0209305
-0.0253679
-0.0287134
-0.0318294
-0.0338402
-0.0310788
-0.0282541
-0.0228328
-0.0144338
-0.012116
-0.0213582
-0.0357078
-0.0509985
-0.0701973
-0.0935633
-0.115047
-0.127575
-0.131349
-0.13885
-0.146365
-0.164504
-0.187234
-0.19037
-0.179821
-0.164228
-0.132169
-0.100541
-0.0657722
-0.026885
-0.0169283
-0.0164891
-0.0195746
-0.0359019
-0.0548227
-0.0669054
-0.0744282
-0.0773614
-0.0751172
-0.0681699
-0.0598139
-0.0446781
-0.030526
-0.0186374
-0.013334
-0.0125365
-0.0130801
-0.013168
-0.0123163
-0.0129259
-0.0172692
-0.0310325
-0.0602795
-0.0857143
-0.0964429
-0.106029
-0.113791
-0.117741
-0.118996
-0.112474
-0.0977147
-0.0705487
-0.0330016
0.0051915
0.0425237
0.07547
0.0974612
0.108926
0.113345
0.0990608
0.0772422
0.0721322
0.0662725
0.0508961
0.0204151
-0.0181812
-0.0524135
-0.102493
-0.137737
-0.146417
-0.147251
-0.148643
-0.145651
-0.141952
-0.138185
-0.133323
-0.125491
-0.109306
-0.0897363
-0.0696582
-0.0505718
-0.0329388
-0.0174837
-0.00131881
0.0126259
0.0114607
0.00341474
-0.00307729
-0.0103249
-0.0196208
-0.0242667
-0.0183732
0.00396906
0.0287811
0.0618995
0.107862
0.151575
0.174479
0.170887
0.162408
0.138947
0.111018
0.0902449
0.0650846
0.0342289
0.0112185
0.00412132
-0.000111104
-0.00576051
-0.00860807
-0.00930811
0.00191342
0.0333455
0.0743788
0.101683
0.122248
0.145374
0.171271
0.185018
0.186224
0.184389
0.186419
0.199069
0.220845
0.234784
0.236703
0.241282
0.243415
0.237008
0.230515
0.216572
0.18957
0.167714
0.149215
0.111578
0.0588869
0.0209717
-0.00418711
-0.0294527
-0.053377
-0.0699426
-0.0803529
-0.0837309
-0.0801708
-0.0725684
-0.0605829
-0.0498321
-0.0391986
-0.0276452
-0.0177086
-0.0112349
-0.00417245
0.00219985
0.00657263
0.00599456
0.00277394
0.00401989
0.0147052
0.024922
0.0330967
0.0418372
0.0485481
0.0495842
0.0465977
0.0386374
0.0291887
0.016269
0.00412058
-0.00707952
-0.0182064
-0.0307021
-0.0369457
-0.0369611
-0.0382871
-0.0386573
-0.0373953
-0.0386065
-0.0389584
-0.0335808
-0.0284923
-0.0239237
-0.019139
-0.0164268
-0.0189125
-0.0279336
-0.041508
-0.0521664
-0.0547998
-0.0504251
-0.044475
-0.0422804
-0.0448075
-0.0463958
-0.0494598
-0.0520716
-0.0540082
-0.0508509
-0.0278554
0.0134059
0.0448786
0.0792672
0.125217
0.162087
0.185854
0.208309
0.227977
0.230195
0.209785
0.190864
0.168736
0.139137
0.102886
0.0697697
0.0506946
0.0462734
0.0578157
0.0758994
0.091382
0.0964043
0.0931717
0.0825027
0.0742297
0.0563
0.0168706
-0.0154717
-0.0305027
-0.0248215
0.00130984
0.0177571
0.0192164
0.0242464
0.0275415
0.0271229
0.0273263
0.0341472
0.0542042
0.0704449
0.078447
0.0752004
0.0639797
0.0512535
0.0380409
0.0232951
0.0138291
0.00594403
-0.0105715
-0.0286628
-0.0469988
-0.0651469
-0.0878624
-0.109682
-0.114923
-0.120099
-0.127397
-0.131664
-0.131509
-0.130227
-0.124815
-0.111772
-0.0961313
-0.0854517
-0.0791061
-0.0751606
-0.0732728
-0.0714453
-0.0694079
-0.0659621
-0.0545455
-0.0405242
-0.0285113
-0.02086
-0.0118882
-0.00390039
0.000962625
0.00129491
0.00253421
0.0026966
0.00372409
0.00602978
0.00889108
0.0106429
0.0136372
0.013099
0.0077604
0.00027505
-0.0121404
-0.0415713
-0.0679338
-0.0863959
-0.10958
-0.141204
-0.184941
-0.22911
-0.24399
-0.250164
-0.250509
-0.228169
-0.16981
-0.150972
-0.157983
-0.148031
-0.147435
-0.149396
-0.13589
-0.107237
-0.0731229
-0.0324919
-0.00874736
0.00844852
0.039539
0.0770143
0.108371
0.135432
0.165056
0.185234
0.195666
0.20962
0.221151
0.222669
0.215379
0.192776
0.160197
0.124294
0.0948479
0.0681193
0.0399827
0.0136803
-0.0115821
-0.0279438
-0.0395064
-0.0519799
-0.062153
-0.0703365
-0.0693642
-0.0618463
-0.0556908
-0.0530888
-0.0533005
-0.0695315
-0.106898
-0.130854
-0.142065
-0.151125
-0.151922
-0.145646
-0.141592
-0.13706
-0.124744
-0.106486
-0.086164
-0.0610185
-0.0334227
-0.0082738
0.0150822
0.0274592
0.0375349
0.0456371
0.0406113
0.0409199
0.0490058
0.0562222
0.0603023
0.0600054
0.0526574
0.0292104
0.00442388
-0.0144802
-0.0291326
-0.035147
-0.0395094
-0.0432004
-0.0529309
-0.0696168
-0.0848251
-0.0995018
-0.100638
-0.0923298
-0.084972
-0.0769053
-0.0571088
-0.0384002
-0.0229572
0.00196628
0.0374836
0.0692048
0.0960974
0.124687
0.144705
0.153762
0.155856
0.153225
0.150007
0.146723
0.147721
0.151539
0.155309
0.157358
0.1466
0.136069
0.129549
0.123016
0.113596
0.097057
0.0743439
0.0498138
0.0197766
-0.0126575
-0.0359343
-0.0542248
-0.0710386
-0.0861552
-0.0943852
-0.0836361
-0.0649958
-0.0513318
-0.03609
-0.0250926
-0.0228436
-0.0228833
-0.0223979
-0.0221777
-0.0217512
-0.0301218
-0.0421308
-0.0572389
-0.0777036
-0.0881709
-0.0946531
-0.0996308
-0.0970114
-0.093772
-0.091589
-0.0824434
-0.0651316
-0.0395777
-0.00662782
0.0262366
0.049015
0.0601776
0.0672039
0.0698979
0.0745303
0.0798921
0.0845249
0.0896951
0.0946801
0.0946052
0.0901981
0.0880633
0.0891739
0.0969332
0.108475
0.121003
0.129656
0.13426
0.131607
0.125698
0.113012
0.0925292
0.0644442
0.031938
0.0156631
0.00350041
-0.0305747
-0.0773006
-0.116444
-0.149718
-0.178956
-0.210883
-0.23914
-0.263139
-0.282683
-0.297851
-0.302365
-0.290428
-0.264223
-0.235582
-0.222204
-0.213985
-0.205673
-0.204112
-0.205755
-0.201332
-0.187576
-0.166467
-0.139126
-0.109136
-0.0901466
-0.0802916
-0.070059
-0.0618384
-0.0544034
-0.0487039
-0.0432789
-0.0386827
-0.0347132
-0.0320478
-0.0256224
-0.0186012
-0.0102994
-0.00128923
0.0109813
0.0266075
0.0551825
0.085713
0.112879
0.139768
0.155196
0.161119
0.161709
0.160346
0.156461
0.152911
0.151774
0.148808
0.142682
0.132643
0.119189
0.105765
0.0930722
0.0801709
0.0686921
0.0587611
0.0509394
0.0442349
0.0382995
0.0317834
0.0261241
0.0181188
0.0104913
0.007575
0.0139964
0.0264846
0.0366909
0.0473431
0.0552488
0.0585639
0.0559144
0.0519036
0.0455679
0.0384553
0.0367388
0.0386814
0.0423575
0.0469737
0.0537701
0.0624208
0.0652436
0.0652816
0.0651831
0.0544308
0.0301547
0.00764265
-0.00464435
-0.0167152
-0.0343366
-0.0543215
-0.0690606
-0.0835096
-0.0957441
-0.105385
-0.115912
-0.115143
-0.0846522
-0.0532999
-0.0443707
-0.0218744
0.00121205
0.00220245
0.00509986
0.0162222
0.0217684
0.0215429
0.0213044
0.0189867
0.0145641
0.0159813
0.0232527
0.0281567
0.0364533
0.0461802
0.0572614
0.0679417
0.0774596
0.0839061
0.0918459
0.0994797
0.104611
0.0978957
0.069744
0.0330058
-0.000276958
-0.0295558
-0.0560682
-0.0826663
-0.0966464
-0.113533
-0.124733
-0.128373
-0.128739
-0.108211
-0.0870662
-0.0719695
-0.0581213
-0.0435771
-0.0343288
-0.0315849
-0.0272646
-0.0228067
-0.0184022
-0.0136977
-0.0108009
-0.0186344
-0.0336919
-0.0465729
-0.0585591
-0.0736594
-0.0884791
-0.0999932
-0.109805
-0.118706
-0.122941
-0.111098
-0.0756888
-0.0498476
-0.0396352
-0.0300628
-0.0257676
-0.0287584
-0.0330491
-0.0383835
-0.0395252
-0.0386228
-0.0372966
-0.0371696
-0.0365482
-0.0375754
-0.040396
-0.0430211
-0.0427537
-0.0411336
-0.0311482
-0.0142539
0.00889528
0.0364583
0.0607554
0.0861402
0.109098
0.121803
0.137654
0.147506
0.143607
0.134542
0.127216
0.122275
0.117819
0.115189
0.113574
0.110664
0.102494
0.0890414
0.0814396
0.0745528
0.0701732
0.0673036
0.0674672
0.0704375
0.0717239
0.0726208
0.0728528
0.0712137
0.0716275
0.073332
0.0772693
0.0854365
0.0917342
0.0914347
0.0913078
0.084532
0.0738839
0.0569854
0.0399501
0.0276829
0.0141731
0.00164528
-0.00859882
-0.0199997
-0.035154
-0.0507729
-0.061277
-0.0692813
-0.0751887
-0.0771031
-0.0764216
-0.0715938
-0.0644366
-0.0568724
-0.0492328
-0.0409937
-0.028987
-0.0120203
0.00239898
0.0139649
0.0311204
0.0447852
0.0518071
0.0569072
0.0625643
0.0672506
0.0712986
0.0765813
0.0875664
0.104194
0.111635
0.112305
0.114827
0.114782
0.111402
0.104259
0.0986548
0.0934706
0.0890623
0.0846198
0.0821193
0.0812648
0.0797484
0.0779277
0.0741291
0.0663259
0.0616642
0.0571693
0.0507938
0.0467448
0.0450683
0.0418869
0.0385078
0.0347693
0.0310441
0.0268019
0.0231835
0.0195468
0.0113478
0.00158179
-0.0033264
-0.0107096
-0.0165311
-0.0189864
-0.021233
-0.0240045
-0.0259742
-0.0271335
-0.0271096
-0.0276715
-0.0281905
-0.0298189
-0.0311672
-0.0327943
-0.0339638
-0.0342835
-0.032936
-0.0318713
-0.0295969
-0.0274953
-0.0248152
-0.0227471
-0.0207689
-0.0193876
-0.0169853
-0.0145626
-0.0115988
-0.00840204
-0.00423066
-0.00076622
0.00300241
0.00610373
0.00921609
0.011621
0.0144082
0.0166664
0.0194416
0.0214277
0.0232586
0.0242949
0.0253907
0.0255249
0.0254423
0.024735
0.024194
0.0228207
0.0216675
0.0201537
0.0190739
0.0173715
0.0159396
0.0138759
0.012044
0.00959524
0.00749903
0.00474451
0.00226367
-0.000833081
-0.00364981
-0.00706501
-0.0101492
-0.0138355
-0.0171951
-0.0211215
-0.024689
-0.0287802
-0.0324636
-0.0366227
-0.0403148
-0.0444281
-0.0480206
-0.0519777
-0.0553582
-0.0590504
-0.0621067
-0.0654168
-0.0680302
-0.0708392
-0.0728998
-0.0751068
-0.0765201
-0.078033
-0.0787025
-0.0794276
-0.0792724
-0.0791369
-0.0780916
-0.0770376
-0.0750545
-0.0730405
-0.0700876
-0.0670884
-0.0631514
-0.0591576
-0.0542393
-0.0492559
-0.0433765
-0.0374198
-0.0306179
-0.0237083
-0.0160507
-0.00818242
0.000146829
