0.00181724400000000
0.00181252400000000
0.00181022000000000
0.00181403500000000
0.00182759900000000
0.00185744800000000
0.00190109000000000
0.00195301200000000
0.00202881700000000
0.00211771100000000
0.00218851000000000
0.00218045300000000
0.00201630300000000
0.00189819700000000
0.00174629100000000
0.00139508000000000
0.000859072500000000
6.25593000000000e-05
-0.00125441200000000
-0.00288918800000000
-0.00420351100000000
-0.00382676300000000
-0.00407264100000000
-0.00522311200000000
-0.00547399100000000
-0.00553684900000000
-0.00592861600000000
-0.00672110700000000
-0.00761619200000000
-0.00815939000000000
-0.00886487300000000
-0.00943003100000000
-0.00958024900000000
-0.00962162000000000
-0.00953950400000000
-0.00870615400000000
-0.00789258200000000
-0.00512657700000000
-0.00479024300000000
-0.00418488800000000
-0.00366045200000000
-0.00520844300000000
-0.00493297700000000
-0.00477249300000000
-0.00507354500000000
-0.00444902800000000
-0.00359091100000000
-0.00195960400000000
0.00104019500000000
0.00200331700000000
0.00363153300000000
0.00413334700000000
0.00113499300000000
0.00118234200000000
0.000528264900000000
-0.00179081400000000
-0.00259526200000000
-0.00275776200000000
-0.00328402100000000
-0.00283618100000000
-0.00298559500000000
-0.00285541300000000
-0.00264784900000000
-0.00273886000000000
-0.00144352300000000
0.00124326000000000
0.00393249300000000
0.00586197300000000
0.00735884600000000
0.00566649500000000
0.00652825700000000
0.00830756900000000
0.00911385300000000
0.0112730000000000
0.0137252200000000
0.0144265400000000
0.0152570600000000
0.0134295200000000
0.00834777500000000
0.00318127500000000
0.00131378800000000
-0.00148588400000000
-0.00373203300000000
-0.00621649900000000
-0.00680384200000000
-0.00119077500000000
0.00148104000000000
0.00195325500000000
0.00269788500000000
0.00434581500000000
0.00133232100000000
-0.000320860200000000
-0.00277819900000000
-0.00605789200000000
-0.00669889900000000
-0.00537785000000000
-0.00298666400000000
-0.00175580800000000
0.00179432800000000
0.00264952600000000
0.00228954600000000
0.00449245700000000
0.00566646300000000
0.00667976400000000
0.00805212600000000
0.00899680900000000
0.00999279900000000
0.0106231900000000
0.00724101000000000
0.00516789300000000
0.00389432100000000
0.00119001700000000
-0.000509634100000000
-0.000331344200000000
0.00335435300000000
0.00413826300000000
0.00462316600000000
0.00685876400000000
0.00721627600000000
0.00488210200000000
0.00489552200000000
0.00510790200000000
0.00407768200000000
0.00344958200000000
0.00265876200000000
0.00127768000000000
-0.000732629400000000
-0.00494947200000000
-0.00754838500000000
-0.00875857800000000
-0.00767648700000000
-0.00546131200000000
-0.00461897300000000
-0.00290040600000000
-0.00137824800000000
-0.000443226800000000
-0.00199893300000000
-0.00272173800000000
-0.00288841900000000
-0.00444319100000000
-0.00534459900000000
-0.00523074900000000
-0.00515005200000000
-0.00424251300000000
-0.00352374000000000
-0.00199275500000000
0.000284875100000000
0.00152839200000000
0.00290618000000000
0.00449782000000000
0.00578430100000000
0.00683546700000000
0.00795009200000000
0.00870544200000000
0.00706647800000000
0.00577688100000000
0.00462574400000000
0.00211332200000000
0.000493129300000000
-0.00116560700000000
-0.00212081000000000
-0.00321873300000000
-0.00361162600000000
-0.00265483300000000
-0.00288089100000000
-0.00237622500000000
-0.00177344000000000
-0.00351819700000000
-0.00489599800000000
-0.000369350300000000
0.00191948700000000
0.00496507400000000
0.00797121100000000
0.00955001600000000
0.0113185900000000
0.0103383800000000
0.00593231300000000
0.00506761400000000
0.00356722400000000
0.00127090500000000
0.00188822700000000
0.00316542800000000
0.00259090700000000
0.00282579800000000
0.00195789300000000
0.000539429900000000
0.000136441800000000
-0.000802312600000000
-0.00174973800000000
-0.00218440500000000
-0.00138828000000000
-0.00129496400000000
-0.00146418900000000
-0.00143860400000000
-0.00280031900000000
-0.00370446200000000
-0.00608128600000000
-0.00791113500000000
-0.00561031100000000
-0.00520127800000000
-0.00566618300000000
-0.00392338200000000
-0.00296362400000000
-0.00245509200000000
-0.00163609600000000
-0.00123513700000000
-0.00237427300000000
-0.00257752300000000
-0.00221388200000000
-0.00173857500000000
-0.00164022900000000
-0.00150043100000000
-0.00123878200000000
-0.00180818400000000
-0.00341198100000000
-0.00309846600000000
-0.000172476500000000
0.000886718100000000
0.00177763500000000
0.000444367000000000
-0.00399173000000000
-0.00414593500000000
-0.00544909200000000
-0.00615004400000000
-0.00148914400000000
1.96991600000000e-06
0.00310087000000000
0.00431220500000000
0.00412472300000000
0.00494961900000000
0.00144234300000000
0.000129737800000000
0.000804591600000000
-7.49815600000000e-06
-0.00101791500000000
0.000104022700000000
0.000610467300000000
0.00108256900000000
0.00227969000000000
0.00240995200000000
-0.00137660500000000
-0.00267827700000000
-0.00276023600000000
-0.00637135900000000
-0.00812319400000000
-0.00341722800000000
0.00164479200000000
0.00409585900000000
0.00731690600000000
0.00824085400000000
0.00485481800000000
0.000793586000000000
-0.00166873900000000
-0.00457246300000000
-0.00341263200000000
0.00278763300000000
0.00437083200000000
0.00554290400000000
0.00644070800000000
0.00550260300000000
0.00314644000000000
0.000158690200000000
-0.00270094900000000
-0.00316605600000000
-0.00468313700000000
-0.00401519000000000
-0.00224088000000000
-0.00254817000000000
-0.00171633100000000
-0.000213013300000000
0.000881640300000000
0.00187834500000000
0.00292340700000000
0.00371756500000000
0.00442084100000000
0.00322185300000000
0.00260657200000000
0.00129292400000000
-0.00148140300000000
0.000955358400000000
0.00384774500000000
0.00265017100000000
0.00348596100000000
0.00213064100000000
-0.000909542000000000
5.10294000000000e-05
-0.000842137000000000
-0.00180772800000000
0.00383679200000000
0.00626160000000000
0.00478458600000000
0.00687783000000000
0.00507633300000000
0.00321511500000000
0.00323096400000000
0.00132447300000000
-0.000334765500000000
-0.00124914400000000
-0.000925453200000000
-0.00127872900000000
-0.00338970000000000
-0.00550090900000000
-0.00990714800000000
-0.0123039100000000
-0.0113081900000000
-0.0110331500000000
-0.00787408000000000
-0.00612090500000000
-0.00454411900000000
-0.00188656600000000
-0.00258842500000000
-0.00600033400000000
-0.00564136500000000
-0.00474958300000000
-0.00445878200000000
-0.00475538700000000
-0.00437034400000000
-0.00390290500000000
-0.00387291600000000
-0.00547279700000000
-0.00715777600000000
-0.00760450600000000
-0.00458662400000000
-0.00176364500000000
0.000646109000000000
0.00301508400000000
0.00411465700000000
0.00413090200000000
-0.000583373200000000
-0.00118431000000000
-0.000950451200000000
-0.00374279500000000
-0.00318666400000000
-0.000483753400000000
-0.000708681400000000
0.000635542800000000
0.00256345400000000
0.00340417300000000
0.00314691000000000
0.00378307100000000
0.00491886700000000
0.00557770300000000
0.00713669900000000
0.00738589100000000
0.00777392600000000
0.00809696500000000
0.00695677100000000
0.00681471900000000
0.00664252800000000
0.00500136100000000
0.00310343700000000
0.00283637300000000
0.00191570400000000
0.000539923500000000
0.00119092800000000
0.00261639100000000
0.00232297600000000
0.00258480500000000
0.00135549500000000
0.000348999900000000
0.000394880400000000
0.00203967200000000
0.00290208400000000
0.00317313600000000
0.00433422800000000
0.00524204000000000
0.00599297000000000
0.00465596900000000
0.00126628500000000
0.000633387900000000
-0.000867960400000000
-0.000637543300000000
0.00261360300000000
0.00340528800000000
0.00489870900000000
0.00625710700000000
0.00130265500000000
-0.00149469500000000
-0.00266988100000000
-0.00641050900000000
-0.00864751200000000
-0.00472063800000000
-0.00338309700000000
-0.00420942600000000
-0.00232546500000000
-0.00119424900000000
-0.00397514300000000
-0.00613791500000000
-0.00812396700000000
-0.0108006400000000
-0.0119835300000000
-0.00615725600000000
-0.00424156900000000
-0.00403488200000000
-0.000652406300000000
0.000810439100000000
0.00145275200000000
0.00272936300000000
0.00171187200000000
0.00178419800000000
0.00253428400000000
0.00295491700000000
0.00395368700000000
0.00616313500000000
0.00515213800000000
0.00231514500000000
0.00243424800000000
0.00124962800000000
-0.000549421300000000
-0.00108536600000000
-4.80031500000000e-05
-0.000268697900000000
-0.00118994000000000
-0.00226929500000000
-0.00402173800000000
-0.00601121700000000
-0.00690626200000000
-0.00652893700000000
-0.00731256500000000
-0.00714516500000000
-0.00499528400000000
-0.00445316800000000
-0.00349424600000000
-0.00185904600000000
-0.00200838600000000
-0.00238200200000000
-0.00152471500000000
-0.000587299800000000
0.000278015900000000
0.00105579000000000
0.00197803100000000
0.00290602500000000
0.00322696400000000
3.13656000000000e-05
-0.00121811600000000
-0.000917853200000000
-0.00241048100000000
-0.00370748900000000
-0.00394301700000000
-0.00447295000000000
-0.00518627900000000
-0.00444417600000000
-0.00393003000000000
-0.00352260700000000
-0.00225690200000000
-0.00147996800000000
0.000450452200000000
0.00263799700000000
0.00637033900000000
0.0115800700000000
0.0133971800000000
0.0147498000000000
0.0138788700000000
0.00783301300000000
0.00282405800000000
-0.00234950600000000
-0.00580537700000000
-0.00708677600000000
-0.00444200800000000
0.00115507500000000
0.00444345700000000
0.00740727400000000
0.00991102500000000
0.0107761700000000
0.00706131800000000
0.00425359000000000
0.00347208100000000
0.00138218700000000
0.000893093600000000
-0.000109829700000000
9.31613500000000e-07
0.000537855100000000
-0.000493544400000000
-0.00229888000000000
-0.00282965200000000
-0.00343533500000000
-0.00465385100000000
-0.00527874100000000
-0.00215975100000000
0.000978069900000000
0.00137656100000000
0.00324242300000000
0.00494027400000000
0.000517649900000000
-0.00182696100000000
-0.00253812400000000
-0.00566152100000000
-0.00820919900000000
-0.00839725400000000
-0.00497789900000000
-0.00465432500000000
-0.00431662000000000
-0.00246401200000000
-0.00126459100000000
-0.000833235500000000
-0.000793980200000000
-4.18861800000000e-05
0.00226066000000000
0.00563697400000000
0.00439360200000000
0.00426358200000000
0.00576063300000000
0.00357707900000000
0.00216950300000000
0.00153417600000000
0.000176588300000000
0.00131924000000000
0.00216732600000000
0.00175164200000000
0.00126110500000000
-0.00114160700000000
-0.00513513200000000
-0.00791005800000000
-0.00789197800000000
-0.00817924600000000
-0.00208935800000000
0.00277844000000000
0.00436694500000000
0.00517180200000000
0.00650959900000000
0.00347699400000000
0.000629198300000000
0.000757772700000000
-0.00160028300000000
-0.00147365400000000
0.000858608900000000
0.000121042700000000
0.000449112200000000
-1.53219800000000e-05
-0.00124256800000000
-0.00130254200000000
-0.000208791100000000
0.00172667100000000
0.00254561500000000
0.00312662400000000
-0.000437627700000000
-0.00192989500000000
-0.00260250100000000
-0.00509114000000000
-0.00668129300000000
-0.00798706400000000
-0.00718349400000000
-0.00458203800000000
-0.00468416000000000
-0.00175906700000000
0.00228297500000000
0.00268866400000000
0.00374884500000000
0.00568983000000000
0.00258954200000000
0.00145794800000000
0.00119504000000000
-0.000814288700000000
-0.00183028000000000
-0.000270915200000000
-0.000273793500000000
-0.000733040400000000
-0.000187134100000000
7.66763900000000e-05
0.000202834900000000
0.000647163500000000
0.00118001900000000
0.00150516400000000
0.00195120600000000
0.00245335500000000
0.00287898500000000
0.00283143000000000
-0.000649331800000000
-0.00163850700000000
-0.00105616300000000
-0.00328432700000000
-0.00543639200000000
-0.00508122600000000
-0.000181226700000000
0.00113870200000000
0.00156873200000000
0.00404067800000000
0.00446364100000000
0.00467761800000000
0.00471367600000000
0.00263402300000000
0.000725831200000000
-0.00199739000000000
-0.00466715200000000
-0.00782496400000000
-0.0100283500000000
-0.0103813900000000
-0.00678233700000000
-0.00533693700000000
-0.00464805600000000
-0.00237634900000000
-0.00186609000000000
-0.000935941900000000
0.000542983700000000
0.00106544200000000
0.00175823900000000
0.00262913600000000
0.000967082500000000
-0.000968277700000000
0.000174055300000000
-0.000492342600000000
-0.000212160100000000
0.00198212700000000
0.00449097000000000
0.00698418200000000
0.00707308500000000
0.00686024800000000
0.00380197800000000
0.00130617400000000
-0.000757839300000000
-0.00423793800000000
-0.00687808200000000
-0.00452920600000000
-0.00382787600000000
-0.00305602100000000
-0.000629013200000000
0.00154899300000000
0.00391430200000000
0.00608359200000000
0.00731587100000000
0.00753910100000000
0.00734207100000000
0.00506593700000000
0.00370766200000000
0.00224863800000000
0.000353219900000000
-0.000319269500000000
-3.49404100000000e-05
-0.000155565500000000
0.000809806400000000
0.000505400400000000
-0.000661629300000000
-0.00177002300000000
0.000418801700000000
0.000806976100000000
0.000993501500000000
0.00313865200000000
0.00285578100000000
0.00230533100000000
0.00186562700000000
0.000123767000000000
-0.00134860100000000
-0.00315767200000000
-0.00368275000000000
-0.000656462400000000
-6.22516200000000e-05
8.66210200000000e-06
0.00161994500000000
0.00264049100000000
0.000874682900000000
-0.00136071200000000
-0.00174922500000000
-0.00356980600000000
-0.00451407300000000
-0.00424521300000000
-0.00504981200000000
-0.00383913400000000
-0.00313983200000000
-0.00343168200000000
-0.00257562800000000
-0.00107426800000000
-0.000547197300000000
-0.000843581100000000
-0.00152079900000000
-0.00124852600000000
0.000380533900000000
0.00115864800000000
0.00170430900000000
0.00408103900000000
0.00633107900000000
0.00566916800000000
0.00294105500000000
0.00293691100000000
0.00219545600000000
0.000509219900000000
-0.000618205700000000
-0.00143321400000000
0.000268465900000000
0.00110808600000000
0.00143358400000000
0.00373480300000000
0.00357757000000000
0.00103590600000000
0.00127312400000000
0.00132276700000000
0.000352332900000000
-0.000219954900000000
-0.00129075300000000
-0.00269198400000000
-0.00352171700000000
-0.00465555200000000
-0.00572746700000000
-0.00472562300000000
-0.00371474700000000
-0.00404262900000000
-0.00352691700000000
-0.00273052400000000
-0.00106660400000000
0.000764518600000000
0.00201459700000000
0.00385087500000000
0.00382615500000000
0.00135991500000000
0.000927867000000000
-0.00274955600000000
-0.00515977000000000
-0.00530515200000000
-0.00713045600000000
-0.00415396300000000
-0.00119972900000000
0.00220287800000000
0.00318338700000000
0.00283584400000000
0.00408954900000000
0.00222929100000000
0.000456370800000000
-0.00116327800000000
-0.00296700600000000
-0.00460341400000000
-0.00640977500000000
-0.00544261200000000
-0.00187134400000000
-0.000740859400000000
0.00164449100000000
0.00415798300000000
0.00632847300000000
0.00792893200000000
0.00444667400000000
0.00274514800000000
0.00281899800000000
0.000668794000000000
-0.000998998900000000
-0.00134957500000000
-0.00252005200000000
-0.00380335300000000
-0.00433961000000000
-0.00239105600000000
-0.000946311300000000
-0.000716603000000000
0.000667589800000000
0.00257071400000000
0.00447903100000000
0.00536491000000000
0.00215210300000000
0.000663572900000000
0.00131009000000000
-3.81301800000000e-05
-0.00143701100000000
-0.00195516500000000
-0.00256268900000000
-0.00342469500000000
-0.00408754600000000
-0.00473035900000000
-0.00544500200000000
-0.00603096100000000
-0.00472063400000000
-0.00288774400000000
-0.00118680300000000
0.00203107600000000
0.00173687600000000
0.00339183200000000
0.00347962400000000
-0.000231588300000000
-0.000808269600000000
-0.00204266300000000
-0.00367112800000000
-0.00465498200000000
-0.00373528300000000
-0.00205319300000000
-0.00112992500000000
0.00288796200000000
0.00480876800000000
0.00529482500000000
0.00749131500000000
0.00837311600000000
0.00421357900000000
0.00203400400000000
0.000155677100000000
-0.00265057700000000
-0.00360887400000000
-0.00473073400000000
-0.00265244300000000
-0.00178523000000000
-0.00217091800000000
-0.00104840700000000
-0.000114197900000000
0.000535411500000000
0.00227776800000000
0.00383921600000000
0.00482846600000000
0.00402402800000000
0.00258090900000000
0.00288839600000000
0.00250810000000000
0.00197651100000000
0.00158729900000000
0.00156320300000000
0.00233424000000000
0.00248967900000000
0.00267710300000000
0.00321039900000000
0.00356175200000000
0.00335834700000000
0.00290166800000000
0.00349346600000000
0.00425438000000000
0.00431341300000000
0.00317828500000000
0.00131576200000000
0.000645853700000000
-0.00226981400000000
-0.00464403500000000
-0.00527827100000000
-0.00639763300000000
-0.00623753700000000
-0.00277843400000000
-0.00221311400000000
-0.00160964200000000
0.000454569400000000
0.00151087900000000
-0.000336625900000000
-0.00142928100000000
-0.00127433500000000
-0.00206427700000000
-0.000593608400000000
0.000297807500000000
-0.000764711200000000
-0.000673395600000000
-0.000194976200000000
-0.000281459500000000
0.000600332200000000
0.00129582100000000
0.00176620400000000
0.00314157100000000
0.00413932200000000
0.00374457000000000
0.00201193300000000
0.00185578600000000
0.00153033400000000
0.00238301300000000
0.00367376400000000
0.00376270900000000
0.00457072500000000
0.00555039800000000
0.00563708200000000
0.00168488200000000
-0.000746388800000000
-0.00158402500000000
-0.00280418800000000
-0.00424827400000000
-0.00581037600000000
-0.00607148100000000
-0.00549924800000000
-0.00616229500000000
-0.00632824800000000
-0.00446524700000000
-0.00241635200000000
-0.00135033200000000
0.000880813500000000
0.00234527100000000
0.000622972300000000
0.000733104800000000
0.00143069200000000
0.000799024100000000
0.000572573400000000
0.000520075600000000
0.000258295400000000
8.17207300000000e-05
-8.49086700000000e-05
-0.000283706400000000
-0.000516500900000000
-0.000818902400000000
-0.00105547200000000
-0.00111622000000000
8.10790500000000e-05
0.000830656600000000
0.00106254800000000
0.00143033700000000
0.00193447200000000
0.00254864400000000
0.00400890300000000
0.00489263400000000
0.00219308300000000
-0.000226383100000000
-0.000334470800000000
-0.00169806000000000
-0.00350353700000000
-0.00430138900000000
-0.00258641100000000
-0.00233047600000000
-0.00257252500000000
-0.00170592800000000
-0.00116556300000000
-0.000684719000000000
0.000105283200000000
0.000707827700000000
0.00130867200000000
0.00171900900000000
-0.000294402200000000
-0.00193997700000000
-0.00250764300000000
-0.00405870900000000
-0.00306555200000000
-0.000380204500000000
-0.000456146500000000
0.00169182100000000
0.00419929400000000
0.00187398400000000
7.67162700000000e-05
0.00101085300000000
0.000649467600000000
-0.000265383100000000
-0.000594875300000000
2.92141100000000e-06
0.00136388600000000
0.00161011100000000
0.00196461500000000
0.00270353700000000
0.00305203400000000
0.00117635200000000
-0.000263081500000000
-0.00141807600000000
-0.00420730500000000
-0.00606729200000000
-0.00513352800000000
-0.00216448200000000
-0.00246890800000000
-0.00180918400000000
-2.30144800000000e-05
0.000897589300000000
0.00160153400000000
0.00255600900000000
0.00316940900000000
0.00336133300000000
0.00400134400000000
0.00527852400000000
0.00648009100000000
0.00382205600000000
0.00206676200000000
0.00214495100000000
0.000826912600000000
-0.000594411000000000
-0.00106304300000000
0.00131357700000000
0.00209261400000000
0.00232763900000000
0.00395683000000000
0.00501346200000000
0.00347712400000000
0.00153273300000000
0.00152424300000000
0.000485295300000000
-0.000670888600000000
-0.00151997300000000
-0.00209415300000000
-0.00177190500000000
-0.00210187500000000
-0.00246796900000000
-0.00245955400000000
-0.00261901100000000
-0.00308003300000000
-0.00355549400000000
-0.00382482200000000
-0.00282723300000000
-0.000627932900000000
7.15928700000000e-05
0.00215484200000000
0.00458656200000000
0.00619716000000000
0.00479012400000000
0.00147533100000000
0.00200345500000000
0.00198294400000000
0.000516309500000000
-0.000204067900000000
-0.000417361400000000
-0.000895052500000000
-0.00147186900000000
-0.00184447400000000
-0.00201986200000000
-0.00234286400000000
-0.00269014100000000
-0.00294609700000000
-0.00323365500000000
-0.00353090600000000
-0.00385445400000000
-0.00447594400000000
-0.00499352700000000
-0.00540678600000000
-0.00594787900000000
-0.00610012400000000
-0.00364545300000000
-0.00214075300000000
-0.00147747400000000
0.000385576900000000
0.00199742900000000
0.00132050700000000
-0.000315074700000000
0.000193012900000000
-0.000324810500000000
-0.00117127300000000
0.000705891900000000
0.00304245000000000
0.00320007000000000
0.00229245800000000
0.00203655500000000
0.00223449400000000
0.00113817100000000
0.000453352500000000
0.000399478800000000
1.71426600000000e-05
-0.000520060100000000
-0.000379326600000000
-1.91264000000000e-05
-0.000182492500000000
-9.25349300000000e-05
0.000269973700000000
0.000746040400000000
0.00102270800000000
0.00127277400000000
0.000625278100000000
-0.000104655000000000
-0.000125701100000000
-0.000354601300000000
-0.000791516200000000
-0.00109857400000000
-0.00116639100000000
6.80500100000000e-06
0.000529098100000000
0.000820997600000000
0.00176411800000000
0.00234369500000000
0.00172416400000000
0.00144022500000000
0.00165318800000000
0.00135687700000000
0.00111682000000000
0.000993774200000000
0.000780415900000000
0.000455808000000000
-0.000762967600000000
-0.00166852100000000
-0.00175447500000000
0.000739706400000000
0.00160224400000000
0.00105376200000000
0.00237685600000000
0.00487376800000000
0.00477492700000000
0.00193981700000000
0.00184858100000000
0.00132000400000000
-0.000406549100000000
-0.00123950900000000
-0.000756717300000000
-0.000728249200000000
-0.00123329300000000
-0.000397683600000000
0.000812275400000000
0.00131009400000000
0.00270322400000000
0.00376146100000000
0.00298204800000000
0.00240737400000000
0.00281742900000000
0.00231121200000000
0.00178091200000000
0.00156006100000000
0.000302624600000000
-0.00170142100000000
-0.00263965400000000
-0.00270937600000000
0.000857973100000000
0.00182446800000000
0.000346120500000000
0.00148959200000000
0.00154718600000000
-0.000678989100000000
-0.00146234400000000
-0.00318380600000000
-0.00354683200000000
-0.000555373200000000
0.000320093500000000
0.00197370100000000
0.00418565000000000
0.00368611900000000
0.000502715400000000
0.000581250100000000
0.000720882500000000
-0.000755819800000000
-0.000636518200000000
0.000277609600000000
-0.000135525900000000
1.52894800000000e-05
0.000447527500000000
0.000596882200000000
0.000810050500000000
0.000921370700000000
6.77327500000000e-05
-0.000295476600000000
-0.000483030600000000
-0.00129278600000000
-0.00175887800000000
-0.00109396800000000
-0.000772989400000000
-0.000873025200000000
0.000178302600000000
0.00137961300000000
0.00158122500000000
-0.000570114500000000
-0.00210601000000000
-0.00134977400000000
-0.00144086700000000
-0.00221151600000000
-0.000874791100000000
-0.000247832500000000
-0.000414595300000000
-0.000300195500000000
-0.00124518000000000
-0.00213179300000000
-0.000943439600000000
0.000648630900000000
0.00165682000000000
0.00242377500000000
0.00186517400000000
-0.000180742300000000
-0.00172701400000000
-0.00299769600000000
-0.00498904800000000
-0.00577906200000000
-0.00324206800000000
-0.00291930600000000
-0.00281401700000000
-0.000997186000000000
6.91789700000000e-05
0.000669859800000000
-0.000634863700000000
-0.00127596500000000
-0.00115236600000000
-0.00175317500000000
-0.00181491600000000
-0.00200445500000000
-0.00235032500000000
-0.00179183000000000
0.000126983600000000
0.000680513500000000
7.47307900000000e-05
0.000676880800000000
0.00107431100000000
0.000283198700000000
0.000149871900000000
8.29771300000000e-05
-0.00123911200000000
-0.00252514500000000
-0.00130725700000000
-0.000505184500000000
-0.000920543600000000
-0.000346248100000000
0.000255275700000000
0.000550773700000000
0.00101633300000000
0.00147944200000000
0.00162760200000000
-2.31551200000000e-05
-0.00101728300000000
-0.00134458000000000
-0.00212150700000000
-0.00262213900000000
-0.00163050500000000
-0.00115760100000000
-0.00113581900000000
-0.000332887200000000
0.000277922000000000
0.000737884200000000
0.00128257700000000
0.00105344000000000
0.000924971500000000
0.00118377600000000
0.00110785400000000
0.00103450100000000
0.00107483900000000
0.00106917900000000
0.00104722000000000
0.00104994800000000
0.00104585300000000
0.000939925200000000
0.000640784000000000
0.000498289400000000
0.000355203400000000
0.000130656700000000
0.000534966700000000
0.00146337500000000
0.00167846300000000
0.00212128700000000
0.00211456600000000
0.00156112300000000
0.00174461900000000
0.00151278400000000
0.000834097300000000
0.000543825900000000
0.000209186800000000
-0.000266685500000000
-0.000555249300000000
-0.000213022800000000
-0.000224888300000000
-0.000363235300000000
-0.000230093100000000
-0.000175856100000000
9.87817100000000e-05
0.000646122800000000
0.000873013500000000
0.00119092400000000
0.00150090200000000
0.000787998800000000
0.000253691300000000
0.000199174600000000
-0.000290304800000000
-0.000332508600000000
0.000127465400000000
1.96171800000000e-07
0.000272427800000000
0.00118439800000000
0.00140681900000000
0.000375674500000000
2.87803500000000e-05
1.37958900000000e-05
-0.000564944800000000
-0.000964419300000000
-7.57337500000000e-05
0.00105359400000000
0.00109915100000000
0.000442626700000000
-0.000114146000000000
-7.83455100000000e-05
-0.000529803100000000
-0.00103318600000000
-0.000935656700000000
-3.62593900000000e-05
0.000152889700000000
0.000366953900000000
0.000252718900000000
-0.000931235000000000
-0.00120482700000000
-0.00157479900000000
-0.00235373100000000
-0.00252007200000000
-0.00189111800000000
-0.00196759700000000
-0.00200477100000000
-0.00170709600000000
-0.00139746300000000
-0.000946789300000000
-0.000643831900000000
-0.000306617100000000
-2.66222600000000e-05
-0.000619750600000000
-0.000940234400000000
-0.00114187300000000
-0.00162117000000000
-0.00192912100000000
-0.00135396400000000
-0.000789153700000000
-0.000775935900000000
-0.000363193400000000
-0.000526385300000000
-0.00164434100000000
-0.00186139000000000
-0.00221190300000000
-0.00159175400000000
0.000411514800000000
0.000826687300000000
0.00126421100000000
0.00185578600000000
0.00256103000000000
0.00176337600000000
9.99278800000000e-05
-2.19503800000000e-05
-0.000816107900000000
-0.00181246900000000
-0.00240788200000000
-0.00308893100000000
-0.00263736600000000
-0.00230157800000000
-0.00256389400000000
-0.00232292200000000
-0.00209188200000000
-0.00203569100000000
-0.00187407000000000
-0.00208012900000000
-0.00253048900000000
-0.00257181300000000
-0.00277032600000000
-0.00266682200000000
-0.00235657600000000
-0.00230653800000000
-0.00124806100000000
-0.000267049000000000
0.000216165000000000
0.000499599200000000
-0.000421413600000000
-0.000493142600000000
-0.000494992700000000
-0.00101117600000000
-0.00119505600000000
-0.000242487200000000
0.000430276700000000
0.000851917600000000
0.00320199700000000
0.00241564400000000
0.00134202700000000
0.00226451900000000
0.00154765400000000
0.000821283800000000
0.000692592000000000
0.000213620300000000
-0.000274448300000000
-0.000553425500000000
-0.000164363800000000
-3.40534300000000e-05
-0.000137259100000000
0.000168979000000000
0.000635609400000000
0.000872187400000000
0.00112984300000000
0.000809989200000000
0.000256784400000000
0.000259522600000000
3.16397300000000e-05
0.000545118900000000
0.00168820500000000
0.00169258900000000
0.000984360300000000
0.000899115200000000
0.000965497600000000
0.000534554000000000
0.000194853400000000
-1.89781500000000e-05
-0.000333436300000000
-0.000631165500000000
-0.000503536300000000
0.000399794300000000
0.000660421400000000
0.000920322500000000
0.00160468000000000
0.00218794100000000
0.00263518200000000
0.00229360100000000
0.00145163800000000
0.00152521300000000
0.00119881100000000
0.000990526800000000
0.00161778100000000
0.00167437100000000
0.00169631200000000
0.00200971600000000
0.00208679800000000
0.00127702500000000
0.000688279000000000
0.000508969400000000
-4.25183800000000e-05
-0.000300964200000000
0.000375975800000000
0.000442354400000000
0.000408731400000000
0.000828063400000000
0.00122134600000000
0.00144164700000000
0.00125750400000000
0.000484683700000000
0.000336297800000000
0.000247695400000000
0.000930066700000000
0.00135713400000000
0.00141472900000000
0.00185480300000000
0.00202235800000000
0.00167855200000000
0.00173446300000000
0.00176354400000000
0.00151784500000000
0.00137950900000000
0.00129230500000000
0.00116174600000000
0.00120639600000000
0.00119873500000000
0.00112335700000000
0.00111592300000000
0.00106540700000000
0.000742141400000000
0.000490717200000000
0.000371107000000000
0.000145749000000000
-7.36948900000000e-05
-0.000327002200000000
-0.000553721900000000
-0.000736945700000000
-0.000932513800000000
-0.00114235900000000
-0.00136844500000000
-0.00153390600000000
-0.00161455000000000
-0.00165660100000000
-0.00175100400000000
-0.00179344700000000
-0.00157140000000000
-0.00107409200000000
-0.000917152900000000
-0.000721018800000000
-0.000518767800000000
-0.000673887700000000
-0.000630021800000000
-0.000509388300000000
-0.000289206400000000
-0.000100626000000000
-2.74014500000000e-05
0.000104892200000000
0.000237166000000000
0.000346211100000000
0.000415797100000000
0.000467587500000000
0.000458484800000000
0.000180314100000000
7.60254900000000e-05
3.80465600000000e-05
-0.000107744200000000
-0.000234579900000000
-0.000294182400000000
-0.000347059400000000
-0.000384908800000000
-0.000403810700000000
-0.000410236100000000
-0.000367797900000000
-0.000261243000000000
-0.000225646000000000
-0.000193135400000000
-0.000142962600000000
-0.000112593700000000
-9.18901500000000e-05
-7.11094200000000e-05
-5.60456500000000e-05
-4.59791100000000e-05
-4.12072300000000e-05
-3.95652300000000e-05
-3.67341300000000e-05
-3.66145800000000e-05
-3.79849000000000e-05
-4.01188400000000e-05
-4.37614000000000e-05
-5.07371100000000e-05
-5.70757100000000e-05
-6.20600900000000e-05
-6.83157500000000e-05
-7.36775800000000e-05
-8.07750300000000e-05
-8.97438300000000e-05
-9.91485400000000e-05
-0.000109692800000000
-0.000121177400000000
-0.000133446500000000
-0.000146653800000000
-0.000160696200000000
-0.000175356600000000
-0.000190802700000000
-0.000207066200000000
-0.000224120800000000
-0.000241936000000000
-0.000260502000000000
-0.000279798100000000
-0.000299801600000000
-0.000320489900000000
-0.000341838100000000
-0.000363820600000000
-0.000386410800000000
-0.000409581500000000