-5.67574e-06
-6.18134e-06
-3.52945e-06
7.05152e-06
1.01905e-06
-2.18218e-06
-3.26649e-05
-5.77407e-05
-9.54086e-06
-2.70124e-05
-2.08626e-06
4.81299e-05
-0.000111076
-0.000142141
-0.000339071
3.29451e-05
-0.000162361
-0.000433304
-0.00019281
1.6657e-05
0.000516171
0.000462231
0.000799092
-0.000199854
7.85683e-05
0.000621435
0.000842655
0.000588791
0.000755429
0.00113378
0.00199786
0.00200716
0.000459176
0.00072898
0.000746614
0.00012893
0.00102237
0.0016682
0.0022697
0.000375658
0.00279605
0.00238565
0.00179597
0.00332639
0.00233362
0.00104134
0.00265278
0.00217418
0.00397806
0.00182029
0.00320719
0.00248504
0.000202887
0.001649
0.00340175
-0.0038148
-0.00156555
0.000747231
0.00025437
-0.00290938
-0.00536413
-0.00769192
-0.00255281
-0.0052612
-0.0117286
-0.00672262
-0.00567015
-0.0103473
-0.00680394
0.00357789
0.0132102
0.005787
0.00809924
0.0151814
0.00818495
0.00202231
-0.002553
0.00685138
0.00899835
0.0110551
0.0162144
0.00590153
0.000273495
-0.0127375
-0.0134101
-0.00508924
-0.0085751
-0.00375369
-0.015479
-0.0160616
-0.0239804
-0.0258072
-0.0269015
-0.0350334
-0.0293885
-0.0260907
-0.00950988
0.00895604
-0.00082265
-0.00795795
-0.0225904
-0.018295
-0.0170902
0.00477471
0.016003
0.00111875
-0.0131586
-0.021885
-0.025781
-0.0392046
-0.0300335
-0.00929096
0.00416585
-0.000850579
0.00326047
-0.00563504
-0.0102358
0.00522655
0.0207486
0.0281927
0.00372447
-0.013179
-0.000969488
-0.0185942
0.00310638
0.011456
0.006946
-0.00573678
-0.00914219
0.00059141
-0.00621974
-0.00244453
0.0152752
0.0304148
0.0499954
0.0593227
0.0593845
0.0516499
0.0345727
0.0184793
0.00843403
-0.00139136
0.00461693
0.0399038
0.0547039
0.0509135
0.00825827
-0.0134483
0.00436192
0.0119659
0.0431214
0.0619279
0.0480172
0.00417021
0.0217335
0.0254831
0.0774354
0.0307627
0.0136268
0.0553089
-0.00437292
-0.0536862
-0.0861812
-0.0690307
-0.0662741
-0.0526578
-0.0401984
-0.026528
-0.028527
-0.0791058
-0.0680628
-0.0724368
-0.0370761
-0.00436474
0.0301313
0.0336339
0.0444783
0.0840697
0.0382393
0.0315574
0.0562025
-0.00848736
-0.0111968
0.000136942
-0.000550415
-0.015297
0.0148875
0.0229944
0.0416516
0.0394115
0.0149279
-0.0049418
-0.0283408
-0.0401366
-0.0335134
-0.0766483
-0.117568
-0.146467
-0.134008
-0.125874
-0.130685
-0.081954
-0.0867807
-0.079609
0.00400573
0.0428032
0.0149188
-0.0478288
-0.00788129
-0.0285503
0.0176084
-0.0612149
-0.0325495
0.00691979
0.127339
0.120554
0.0549795
0.0602936
0.141412
0.146718
0.127923
0.105085
0.111278
0.043249
0.0539849
0.05559
0.0963052
0.0567126
0.0177651
0.118111
0.0229059
0.0172251
0.0688632
0.0537305
-0.0201108
-0.136598
-0.0926303
-0.174424
-0.283428
-0.226628
-0.112787
-0.105155
-0.149318
-0.167101
-0.217305
-0.154675
-0.0354766
0.0919406
0.0351888
-0.0585749
-0.0717461
-0.129154
-0.055079
0.0136936
0.0337142
0.104872
0.110216
0.146895
0.207974
0.0699555
-0.011381
-0.0599797
-0.0191521
0.0793784
-0.0306788
-0.0167441
0.0442434
0.0856521
0.0684086
0.161795
0.268644
0.323323
0.31725
0.28577
0.228544
0.136242
0.229061
0.119951
0.0360249
0.021173
0.0241961
0.0254143
0.0137466
0.0819359
0.0353339
0.0333662
0.0345299
0.00516519
-0.0882838
-0.0195743
-0.0792255
-0.213093
-0.221244
-0.126553
-0.224864
-0.154411
-0.297256
-0.232178
-0.116788
-0.143614
-0.072226
-0.132595
-0.146585
-0.0112194
-0.0865858
0.114481
0.250421
0.150004
0.00572276
0.0788271
0.162028
0.197565
0.148682
-0.000948966
-0.111522
-0.206296
-0.344796
-0.326979
-0.265569
-0.139906
-0.116813
-0.249662
-0.122986
0.0523404
0.0863799
0.182141
0.164552
0.0312311
0.0494398
-0.0325184
-0.125428
-0.0573634
-0.119321
0.0203183
0.203866
0.307862
0.35576
0.172162
0.10259
-0.0703361
0.0046012
-0.0766115
0.0737341
-0.0229347
-0.0433139
-0.145808
-0.240913
-0.154275
-0.0729653
-0.175049
-0.142705
-0.124113
0.0287513
-0.0023161
-0.120398
-0.0652924
0.0149167
0.0471999
-0.014526
0.114865
0.0322894
-0.149374
-0.233329
-0.295799
-0.242389
-0.215595
-0.0237614
0.169301
0.172745
0.20345
0.450095
0.367418
0.410409
0.372615
0.123455
0.0182972
0.0664394
-0.206716
-0.345985
-0.189308
-0.230018
-0.311802
-0.0925829
-0.187062
-0.202134
0.202537
-0.0649897
-0.115301
0.00327699
-0.110259
0.0271795
-0.126715
-0.0350155
-0.161624
-0.0448391
0.134764
-0.0376932
0.169648
0.194266
0.114404
-0.00672698
-0.155884
-0.272238
0.0425824
-0.109018
-0.25472
-0.0122797
0.21824
0.229665
0.315475
0.482084
0.47008
0.421129
0.420193
0.296213
0.103649
-0.0611086
-0.37463
-0.19883
-0.270324
-0.288029
0.0523955
0.0131012
0.134803
0.302033
0.286626
0.0758397
-0.191796
-0.0123326
0.0534394
0.185085
0.171747
0.136436
0.115935
0.107245
0.119611
-0.164621
-0.156936
0.163084
0.151336
0.19832
0.0693283
-0.00620721
0.228779
0.122814
-0.142903
-0.0765951
-0.234633
-0.360271
-0.362728
-0.298239
-0.229451
-0.129309
-0.357638
-0.192956
-0.338155
-0.0782901
0.15777
-0.208534
-0.333113
-0.103538
-0.0468983
0.0880277
0.189663
0.518088
0.552209
0.542279
0.458498
0.341901
0.551339
0.154512
0.166404
0.545525
0.518145
0.642792
0.523164
0.750465
0.636383
0.255352
0.178238
-0.148175
-0.133673
-0.178711
-0.262826
-0.285867
-0.18439
-0.121893
-0.170771
-0.0875962
-0.165628
-0.064219
-0.0153803
-0.228284
-0.309523
0.0751806
0.0515217
0.0290114
0.0931084
-0.0698473
0.0766951
-0.0668447
-0.18633
-0.130744
-0.314171
-0.703205
-0.540232
-0.512874
-0.701041
-0.479561
-0.403594
-0.224972
-0.233692
-0.0456433
-0.0420244
-0.160152
-0.013243
0.112771
0.0970178
0.0268928
-0.169244
-0.0291414
0.113641
0.100669
0.249621
0.185057
0.0260839
-0.24851
0.0225408
0.106881
0.0934582
-0.0124521
-0.213439
-0.185923
-0.100732
-0.236861
-0.334737
-0.309904
-0.220863
-0.138217
0.0297767
0.188438
0.155002
0.0006631
-0.0746768
0.0959615
0.0667876
0.0868678
0.32969
0.505698
0.344484
0.219718
0.52054
0.367042
0.571692
0.3025
0.258252
0.193184
0.0777609
0.0780605
-0.22759
-0.185287
-0.158849
-0.45525
-0.252152
-0.453934
-0.54048
-0.377174
-0.385989
-0.0972462
0.145016
0.110334
0.0769924
0.126702
-0.436827
-0.514235
-0.439241
-0.366318
-0.353646
-0.459797
-0.515923
-0.421187
-0.472965
-0.410458
-0.322563
-0.295175
-0.321582
-0.370218
-0.427456
-0.296823
-0.0991616
0.0772756
0.0648666
0.31442
0.232527
0.212046
0.165557
0.0969973
0.27209
0.289184
0.243093
0.055902
0.200983
0.116679
0.264925
0.456427
0.483522
0.450417
0.0705259
0.107641
-0.00335179
-0.129248
-0.0492115
0.0632532
0.2924
-0.0104986
-0.186117
-0.0870994
0.0389738
-0.0985011
0.0154149
0.110548
0.437566
0.45437
0.0407724
-0.152458
-0.0644148
-0.107402
0.0905013
0.331556
0.316247
0.0725548
0.35667
0.173981
0.446117
0.0998747
-0.142844
0.0489094
0.0309284
0.0457768
-0.127686
-0.134951
-0.0264789
0.254145
0.0239658
0.135618
0.0736472
0.161265
0.115235
0.283059
0.213889
0.0925047
0.160721
-0.0794762
-0.183109
0.0996302
0.289543
0.287172
0.251922
0.0491971
0.269624
0.103769
0.215557
0.293985
0.203375
-0.0545818
-0.340498
-0.0217037
-0.119502
-0.253325
-0.0106965
-0.0119049
-0.349698
-0.147914
-0.0702325
-0.148323
-0.131666
-0.294104
-0.106849
-0.0355084
-0.306087
-0.215593
0.0890946
2.08133e-05
0.104634
-0.0570056
0.136602
0.326587
0.398794
0.267208
0.080044
-0.0227199
-0.0810529
-0.185837
-0.116614
-0.404823
-0.116389
-0.077665
-0.308139
-0.212446
-0.181494
-0.136175
0.0383231
0.1677
0.365921
0.593338
0.76146
0.661539
0.1113
0.237379
0.330277
0.152129
0.181889
-0.21635
0.00869288
0.128223
0.360184
0.369871
0.20846
0.0896643
0.199508
0.116863
0.0427626
0.0328
0.111196
0.116542
-0.184724
-0.467657
-0.722372
-0.983035
-0.880331
-0.755042
-0.565574
-0.396427
-0.194016
-0.178321
-0.120591
-0.150584
-0.240445
-0.132444
-0.0575235
-0.138088
-0.18642
-0.0433586
0.334034
0.164897
0.105383
-0.0460451
-0.1296
-0.080661
-0.0709307
0.150017
0.0742219
0.111277
0.0661977
-0.0456031
-0.214731
-0.399516
-0.418035
-0.365345
-0.463809
-0.499455
-0.366701
-0.25532
0.116153
0.151913
0.037656
0.221964
0.032921
0.0226954
0.173275
-0.1858
0.00442388
-0.135976
-0.0763747
-0.127743
-0.228517
-0.117823
0.265286
0.305084
0.359084
0.32204
0.143364
-0.125826
-0.185029
-0.0909519
-0.312271
-0.0739046
-0.163442
-0.11952
0.11305
0.130269
0.00986604
0.0825267
0.262931
-0.137574
-0.0347938
0.0298462
0.145679
0.339224
0.322074
0.411969
0.118189
0.0525309
0.154461
0.11264
-0.0916893
-0.117961
-0.0174631
-0.0382024
0.0238272
-0.00536827
0.299919
0.393809
0.179891
-0.193467
-0.0919926
-0.0169379
0.124155
0.125609
0.0503379
-0.00765673
0.183745
0.142677
0.030204
0.21063
0.231795
-0.16557
-0.0402078
0.0340163
0.346946
0.415148
0.121502
0.13558
0.0902112
0.073382
-0.088118
-0.0185065
-0.281871
-0.106677
0.218564
0.135838
0.123767
0.175668
0.302508
0.0122189
0.0445728
-0.0021224
0.13426
0.0578322
-0.0629317
0.00433831
0.0060874
-0.137517
-0.140789
-0.187544
0.126472
0.126229
0.224319
0.351857
-0.0330457
-0.108331
0.112692
0.238316
0.285755
0.296868
0.52
0.444288
0.540643
0.533427
0.337391
0.28831
0.268608
0.351869
0.15115
0.240904
0.114497
-0.22556
-0.327822
-0.445078
-0.173735
-0.158903
-0.33029
-0.271735
-0.0943541
-0.278511
-0.233403
-0.366899
-0.404014
-0.393165
-0.167176
-0.17213
-0.0764832
-0.138758
-0.263459
-0.277055
-0.28624
-0.232169
-0.0317584
-0.154016
-0.266789
-0.223144
0.00303631
0.291745
0.212697
0.0706079
-0.0329273
-0.115884
-0.174788
0.0428268
0.0186659
-0.0972972
0.0473721
-0.0406167
-0.0851413
-0.0614323
0.239097
0.225238
0.49607
0.386748
0.174052
0.0748052
0.0402622
0.0673853
-0.246172
-0.303522
-0.343807
-0.354781
-0.404288
-0.343094
-0.513671
-0.460871
-0.292033
-0.318798
-0.218717
-0.373822
-0.27727
-0.0853306
-0.0934892
-0.150209
-0.394873
-0.108962
0.0746572
0.223223
0.237914
0.112107
0.128991
0.298461
0.427893
0.199201
0.214913
0.227275
0.2344
0.205683
0.23971
0.0920293
0.166025
0.136825
-0.0948456
0.175934
-0.0853329
0.00213881
-0.0272798
-0.0170883
-0.0386652
0.0514236
0.292114
0.531958
0.653705
0.61083
0.122302
-0.219785
-0.236866
-0.0524881
-0.0116065
0.042536
0.180195
0.178335
0.0258775
-0.231497
-0.123836
-0.00497864
-0.0469984
-0.124689
-0.359161
-0.297736
-0.146976
0.0350196
0.284499
0.171682
0.267262
-0.0611966
0.0979447
0.0834723
-0.180711
-0.18697
-0.0413614
0.190843
0.291991
0.121616
0.175636
0.00318518
-0.123559
-0.0373404
0.128457
0.0881577
0.10714
0.33995
0.39566
0.41986
0.182807
-0.155264
-0.179398
-0.187397
-0.111584
-0.00289443
0.12026
0.092855
-0.105031
-0.0282112
-0.177142
-0.288904
-0.472802
-0.437321
-0.592239
-0.536901
-0.610366
-0.414651
-0.412264
-0.594926
-0.408273
-0.00183943
-0.0994239
0.0152392
0.225745
0.388058
0.300211
0.137355
-0.111675
-0.12705
0.0700846
0.173354
0.0310117
0.187778
0.124807
-0.213942
-0.481853
-0.49321
-0.370978
-0.457442
-0.420802
-0.321622
-0.310075
-0.0435744
0.0169275
0.2919
0.368312
0.380258
0.161527
0.0156248
-0.00390796
-0.198179
-0.123093
0.254327
0.042239
-0.0238601
-0.040168
0.15657
0.0942582
0.0786938
-0.0622486
-0.0539284
-0.0024803
-0.339781
-0.593073
-0.327984
-0.340664
-0.237266
-0.254884
0.00218097
-0.192014
0.0339643
0.0553331
0.096742
0.172586
0.4296
0.328602
0.373372
0.176493
0.191154
0.266538
0.439731
0.263246
0.275918
0.132927
-0.0116733
0.015911
0.0927581
0.0718215
0.101114
0.0177653
-0.0103428
0.0954698
-0.17411
-0.174665
-0.322128
-0.293228
-0.0091416
0.20995
0.217304
0.0365618
-0.00680763
-0.358223
-0.409541
-0.421566
-0.482739
-0.444551
-0.564762
-0.319018
-0.321814
-0.0235735
0.0294368
0.120127
0.388694
0.423328
0.0586848
0.219
0.300194
0.218053
0.140399
0.0615654
0.196803
-0.18792
-0.0414053
-0.0277839
-0.120671
0.054312
0.0668404
0.0495964
-0.0191816
-0.0641392
-0.149565
-0.0654115
-0.134486
-0.0124801
0.149012
0.0593708
0.332528
0.348495
0.546029
0.286071
0.356782
0.284426
0.324933
0.315226
0.240219
0.262396
0.16832
0.097767
-0.0319502
-0.0413136
0.135386
0.271421
-0.0760272
-0.21935
-0.190585
-0.471476
-0.294462
-0.194447
-0.0985992
-0.151215
-0.201595
-0.0175334
-0.213436
-0.258862
-0.253787
-0.389911
-0.440122
-0.272723
-0.251675
-0.385894
-0.435639
-0.252838
-0.0223069
0.0670814
0.0979475
0.0901988
0.0251092
-0.228409
0.0134575
0.191701
0.0444244
-0.0599974
0.234039
0.175233
0.078548
-0.237374
-0.258166
-0.20992
-0.225206
-0.251945
-0.422792
-0.467213
-0.399098
-0.350515
-0.308053
-0.152629
-0.0223827
0.138393
0.177342
0.138525
-0.200578
-0.347134
-0.079891
0.0702999
0.209728
0.42232
0.306765
0.184669
-0.0459874
-0.0471846
0.0175968
0.190436
0.191757
0.135793
-0.0373379
-0.148343
-0.170798
-0.0572832
0.0890242
0.0897218
-0.224789
-0.0766959
0.123702
0.243549
0.314623
-0.153385
-0.164236
0.126672
0.0830933
-0.218401
-0.296459
-0.392656
-0.199368
-0.244035
-0.27776
-0.148208
-0.108585
-0.0746153
-0.0100501
-0.0670978
-0.172435
-0.306335
-0.335778
-0.0623376
-0.182081
-0.0376834
0.147241
0.347815
0.295331
0.548045
0.373892
0.545486
0.486619
0.371163
0.422257
-0.0146914
-0.215425
-0.252966
0.0397438
0.154097
-0.0122752
-0.0632614
0.0316666
0.345162
0.404351
0.315192
0.311704
0.363239
0.415384
0.478103
0.249703
-0.0119229
0.086664
0.168502
0.229982
0.111602
-0.167286
-0.345481
-0.0096427
0.00544123
0.0679928
0.0420375
0.361074
0.405365
0.186893
0.274358
0.302194
0.238206
0.0835417
-0.0701372
-0.11331
0.000425694
-0.0765471
-0.0939935
-0.245386
-0.0317435
-0.204838
0.0184293
-0.00192249
-0.0387376
-0.214042
-0.375344
-0.19027
-0.122127
-0.297855
-0.325473
-0.1516
0.115962
-0.0751813
-0.105346
0.111055
0.312021
0.354479
0.288802
0.292758
0.255829
0.283067
0.455268
0.528613
0.324007
0.499582
0.381982
0.603187
0.566923
0.838325
0.496882
0.44612
0.12314
0.206914
0.16975
0.0456146
0.275531
0.520598
0.383423
0.440583
0.501014
0.374724
0.188038
0.0486782
0.224758
0.219497
-0.0456195
-0.242118
0.00836678
-0.0157506
-0.128781
-0.276255
-0.500961
-0.294016
-0.380998
-0.320532
-0.456593
-0.259223
0.307288
0.0465221
-0.25478
-0.100092
-0.219935
-0.0400404
0.0396355
-0.0108035
0.362415
0.443687
0.254331
0.282193
0.0265426
-0.0814479
0.00764538
0.11533
0.0572391
0.291273
0.45767
0.441388
0.525555
0.364361
0.189095
0.06048
0.128585
0.314317
0.358984
0.197298
0.120348
0.475959
0.464069
0.185108
0.206236
0.200229
0.203936
0.0542001
-0.119854
-0.315288
-0.53369
-0.481768
-0.401491
-0.320791
-0.351388
-0.508292
-0.323474
-0.560488
-0.563608
-0.748853
-0.483983
-0.328061
-0.263338
-0.34964
-0.360015
-0.275413
-0.153165
-0.118648
0.131732
0.419401
0.400176
0.513364
0.548353
0.581328
0.615163
0.596781
0.288634
0.176034
-0.15982
0.128295
0.207843
0.0297714
0.0993523
-0.0109945
0.186951
-0.123257
0.0321244
-0.033361
-0.2705
-0.212015
-0.387011
-0.353494
-0.338788
-0.427486
-0.62364
-0.683591
-0.555368
-0.446264
-0.53702
-0.352949
-0.260331
-0.174069
-0.153312
0.231538
0.616564
1
0.998353
0.996707
0.836209
0.0633423
0.136708
-0.0893015
-0.224241
0.25107
0.203797
0.192984
-0.00313873
-0.103934
-0.216413
-0.349674
-0.274252
0.0147021
-0.0753561
-0.00755728
-0.192916
-0.147127
0.189854
0.0664918
0.071999
0.00784644
-0.263234
-0.334826
-0.311255
-0.27066
-0.192637
-0.0590025
-0.119588
-0.0573735
0.0556889
-0.122389
-0.247539
-0.403398
-0.0767076
-0.0729884
-0.0982157
-0.208177
-0.426561
-0.431726
-0.200079
0.0119676
0.208069
0.225292
0.0916847
0.0708446
0.0254257
0.0176889
0.0536994
0.155908
0.0284558
-0.175563
0.0256796
0.0869252
0.129226
0.0211351
0.0531255
-0.246344
-0.032836
-0.195483
-0.185644
-0.256711
-0.0384086
-0.0851093
-0.261521
-0.142973
-0.109651
-0.22892
-0.267276
-0.202165
-0.418695
-0.409162
-0.321115
-0.441689
-0.663962
-0.44251
-0.159551
0.013451
0.037872
-0.115279
-0.603533
-0.472473
-0.282997
-0.437962
-0.471624
-0.317962
-0.170549
-0.242771
-0.063324
-0.189451
-0.444901
-0.317786
-0.128674
-0.175343
-0.492696
-0.534939
-0.454708
-0.118248
0.263717
0.591305
0.462959
0.205752
0.227392
0.354268
0.368039
0.152287
-0.106868
-0.0283547
0.228227
0.408095
0.600823
0.581872
0.537475
0.332644
0.216119
0.063184
0.189629
-0.0231074
0.0939292
0.255013
0.160311
0.399594
0.442837
0.199795
-0.0741044
-0.0374633
-0.221553
-0.0415658
-0.115504
-0.0746581
0.0257994
0.275802
0.398578
0.394522
0.0785916
-0.0225142
-0.0373472
-0.0323713
-0.0485225
0.098945
0.00280621
-0.0704512
-0.25478
-0.157984
-0.0179553
0.126818
-0.143707
-0.161891
0.202304
0.181792
0.453517
0.382489
0.419211
0.473429
0.360903
0.234666
0.175322
-0.0452932
-0.231671
-0.240169
-0.232452
-0.223563
-0.102487
0.0263639
-0.0902642
0.0147017
0.0253177
0.293398
0.401953
0.563751
0.509754
0.477431
0.0443369
-0.183634
-0.285377
-0.323094
-0.256668
-0.165383
-0.209365
0.0489538
-0.0298136
-0.15932
-0.247406
-0.414962
-0.422766
-0.36942
-0.508775
-0.312197
0.0270804
-0.0325288
-0.0183418
-0.0904726
-0.136285
0.167477
0.0938979
0.0948929
0.148067
0.350454
0.378344
0.180793
0.10223
0.102987
0.0686727
-0.170961
-0.0886227
-0.0434822
-0.178541
0.0303929
0.179581
0.244821
0.368931
0.715225
0.564387
0.540666
0.44726
0.109844
-0.14429
-0.11399
0.0128286
-0.0682104
0.0711757
0.0831919
-0.339071
-0.428581
-0.138253
0.0895425
0.20683
0.0139963
-0.0195086
0.156479
-0.0146531
0.153527
0.150257
-0.032599
-0.0137839
-0.311246
-0.23232
-0.429287
-0.351444
-0.155733
-0.269438
-0.198237
0.0196037
0.117436
-0.0416394
-0.0929645
0.0163338
-0.302663
-0.35633
-0.253607
-0.403649
-0.138682
-0.100338
-0.106137
-0.273093
-0.308483
-0.360186
-0.508861
-0.454265
-0.250621
-0.359561
-0.300781
-0.118642
-0.0967775
-0.136468
-0.510175
-0.653274
-0.340337
-0.160524
-0.242279
0.0242238
0.234265
0.30756
0.228528
0.125536
0.20506
0.525223
0.248465
0.105289
0.284523
0.43294
0.668611
0.666767
0.653998
0.756931
0.530511
0.324399
0.0513974
-0.0262096
0.0642576
-0.0150654
-0.181068
-0.230532
-0.331533
-0.237976
-0.266012
-0.0446965
-0.120673
-0.178856
-0.231957
-0.343732
-0.0746064
-0.0509502
0.170358
0.172023
0.278012
0.225094
-0.157452
-0.354443
-0.140956
-0.0761396
0.0814412
0.102054
0.0358684
0.050686
0.186819
0.34256
0.0108336
-0.0377157
0.203831
0.405339
0.574963
0.629611
0.49
0.519224
0.305698
0.156014
-0.0500486
-0.0131786
-0.170499
-0.35459
-0.441991
-0.54521
-0.80441
-0.759268
-0.79625
-0.470294
-0.484369
-0.454682
-0.561674
-0.548709
-0.436267
-0.377207
-0.069027
-0.237742
-0.142644
-0.227757
-0.148922
0.0299751
0.0300273
-0.12796
0.217133
0.206831
0.110962
0.314639
0.301689
0.440094
0.556079
0.276258
0.14541
0.228734
0.0255683
-0.030153
-0.106154
-0.149365
0.061077
0.308601
0.396818
0.294828
0.0221896
0.167068
0.205068
0.246584
0.209446
0.173256
0.288269
0.122233
0.21956
-0.0583399
-0.174474
-0.282436
-0.106972
-0.116067
0.0560058
-0.348065
-0.19753
0.0291183
0.194787
0.0877941
0.061944
0.226636
0.0776061
-0.191041
-0.181796
-0.23459
-0.310582
-0.540799
-0.348457
-0.163403
0.0401297
0.289087
0.379229
0.00316029
-0.0931614
0.00935414
-0.211692
0.0322364
0.0459125
-0.110398
0.0877209
-0.0951874
0.0409531
-0.0788291
-0.0389408
0.159005
0.272007
-0.0716253
-0.0864341
-0.115993
-0.102539
-0.192341
0.0504584
0.368283
0.273997
0.0322603
0.173188
0.358052
0.435258
0.485082
0.2751
0.382625
0.246401
0.269004
-0.02538
-0.130377
-0.117802
-0.0365967
0.00303361
0.0701067
0.151535
0.143798
0.0471003
0.148404
0.0862091
0.123663
0.192934
0.183596
-0.0204555
0.113031
0.172137
0.129031
-0.165044
-0.0848049
0.0308369
-0.231247
-0.293131
0.0948509
-0.137703
-0.257265
-0.361551
-0.245573
-0.298751
-0.402314
-0.0201764
0.12572
0.109987
0.19475
-0.019668
0.117123
0.177621
-0.036352
-0.109186
0.0867562
0.01595
0.0813407
0.297821
0.321693
0.203546
0.0560468
-0.355316
-0.486502
-0.331739
-0.0599288
0.116115
0.0956172
0.0657682
0.30228
0.447855
0.521887
0.341201
0.271856
0.0777325
0.0495328
0.161247
0.239686
0.369404
0.315582
0.0817837
-0.0176284
0.0467278
0.400597
0.386294
0.262577
0.0281951
-0.162783
0.195633
0.267888
0.325585
0.174659
0.121127
-0.00820062
-0.166111
-0.302724
-0.222587
-0.403596
-0.399095
-0.327927
-0.231589
-0.0326326
0.0610832
-0.328968
-0.474135
-0.500881
-0.296523
-0.180959
-0.0989867
-0.159988
0.112061
0.138238
-0.184319
-0.057522
-0.133428
-0.105894
-0.265695
-0.112034
-0.191295
-0.30412
-0.610747
-0.537604
-0.546866
-0.532807
-0.278495
-0.236834
-0.137458
-0.130995
-0.142975
-0.340194
-0.459487
-0.502024
-0.423644
-0.470911
-0.206211
0.0876121
0.129543
0.101987
0.427824
0.236927
-0.145487
-0.0535356
0.0657957
0.113274
0.182303
0.125304
0.163003
0.251563
0.183535
0.0496374
0.0289226
0.146354
0.0270545
0.113912
0.164997
0.212061
0.316002
-0.0256268
0.0586432
0.0458485
0.0737818
-0.0942002
0.139145
0.177194
0.178965
0.321042
0.411644
0.293785
0.172239
0.0640588
0.244074
0.472239
0.472455
0.425831
0.337331
0.11942
-0.0335794
-0.291262
-0.177407
-0.252728
-0.253536
-0.222708
-0.102727
-0.373436
-0.53872
-0.296701
-0.0367319
0.0998129
0.144988
0.190385
0.132789
-0.00828483
-0.374841
-0.225296
-0.0442865
-0.0802522
0.224888
-0.118197
-0.335714
-0.173263
-0.144591
-0.0866786
-0.298966
-0.152167
-0.253215
-0.299813
-0.166321
-0.0426937
0.141173
0.087021
-0.00497822
0.130869
0.256073
0.205701
-0.0659531
-0.234276
-0.3476
-0.29606
-0.233619
-0.315531
-0.367021
-0.328595
-0.121389
-0.0326223
-0.14432
-0.0992934
0.137531
0.139407
-0.107038
-0.0869906
-0.258437
-0.15686
0.0948109
0.0655907
0.24839
0.278343
0.175609
0.04439
-0.0369201
-0.162389
-0.137667
-0.352742
-0.390528
-0.460274
-0.32162
-0.542225
-0.127492
-0.0563618
-0.0620064
0.058731
-0.0669312
-0.254864
-0.22055
-0.162773
-0.259626
-0.24431
-0.105521
-0.247026
-0.192934
0.224069
0.0232366
0.377226
0.385211
0.295866
0.312489
0.0957776
-0.0440248
-0.312849
-0.559738
-0.184428
-0.027451
0.187507
0.236933
0.324102
-0.0638755
0.144853
0.0767511
-0.00467216
-0.0656759
-0.315149
-0.222265
-0.106209
-0.122469
0.173353
0.120258
0.165012
0.329211
0.12665
0.126401
0.351178
0.161623
0.331077
0.183638
0.217732
0.0528936
0.165857
0.352512
0.410716
0.420396
0.544225
0.49843
0.522627
0.345693
0.258954
0.186127
-0.111604
-0.154291
-0.0400142
0.334154
0.363328
0.436744
0.435592
0.303884
0.175645
-0.0661224
-0.292359
-0.152262
-0.11433
0.11058
0.11531
0.221897
0.0880612
-0.06223
-0.0546555
-0.227945
-0.351368
-0.549457
-0.326211
-0.0887384
0.342558
0.262401
0.312983
0.645785
0.272272
0.153259
-0.0367606
0.0417386
-0.152843
-0.029641
0.20969
-0.140088
-0.398108
-0.17564
-0.143751
-0.318743
-0.295228
-0.183121
-0.161328
-0.146995
-0.0950274
0.0811241
0.0568369
-0.0869013
0.0244267
-0.0422565
-0.401631
-0.497954
-0.417405
-0.446256
-0.260476
-0.085855
-0.267598
-0.183892
-0.116484
-0.075685
-0.220283
-0.177167
0.143131
0.219182
0.258218
0.217521
0.0147182
-0.0807396
-0.162131
-0.341612
-0.183407
-0.0211949
-0.0158714
-0.0548095
-0.115519
-0.0532654
0.199586
0.299255
0.159561
0.255568
0.00372902
0.170462
-0.0299638
-0.00864678
-0.0317602
0.127062
0.232003
0.280951
0.342815
0.613743
0.493788
0.37222
0.573995
0.583762
0.489099
0.33106
0.151022
-0.0878538
-0.0211439
0.178717
0.329177
0.226483
0.0928415
-0.112238
-0.109087
-0.138094
-0.106711
-0.197044
-0.246792
-0.239462
-0.287464
0.0455876
-0.0278955
0.0434054
-0.0256561
0.0977964
-0.178975
-0.00186173
-0.292843
-0.499228
-0.445887
-0.447599
-0.440459
-0.263028
-0.0293119
-0.0154469
0.0317151
0.0401964
0.135934
0.00258865
-0.373489
-0.41999
-0.413765
-0.233373
-0.0559441
0.0326368
-0.0860431
-0.147716
-0.1242
0.199685
0.140052
0.235412
0.293793
0.212472
0.35083
0.264911
0.102651
0.186112
-0.0560667
0.273601
0.0411357
-0.0396323
0.0162939
0.381346
0.255918
0.54268
0.190381
0.0438136
-0.0404725
-0.0327123
0.00868448
-0.0629065
0.155125
0.191401
0.0494892
-0.0571524
0.0516885
0.0230401
0.12933
-0.0620006
-0.0516323
0.176802
0.22126
0.102725
-0.0388215
0.0837393
0.116861
0.124515
0.223371
0.0699396
-0.0241718
0.20187
0.251591
0.399944
0.535406
0.276268
0.476499
0.423069
0.509294
0.209309
0.209293
0.359648
0.258956
0.159058
-0.120594
-0.269005
-0.108192
0.0412162
-0.038018
-0.161228
-0.1856
0.0659902
0.0220729
-0.0878514
0.0143849
0.10471
-0.0463472
-0.270606
-0.217589
-0.077008
-0.37062
-0.551507
-0.574121
-0.396254
-0.394111
-0.255313
-0.33533
-0.332871
-0.290171
-0.220203
-0.158429
-0.0454936
0.0111588
0.116586
-0.0800044
-0.270769
-0.130736
-0.0829245
0.023489
0.296064
0.0367149
0.224004
0.392014
0.158765
-0.0102233
0.222168
0.144362
0.0767106
0.0377902
0.176398
0.222604
-0.101697
-0.0905342
-0.0405252
-0.0821541
0.0436424
0.0202551
0.0077765
0.0712506
-0.121985
0.115206
0.294555
0.456372
0.4057
0.425497
0.312153
0.480757
0.208733
-0.227941
-0.073239
0.170426
0.145758
-0.126855
-0.123241
-0.221134
-0.49896
-0.277333
-0.175566
-0.228154
-0.0372652
0.091036
0.265504
0.649416
0.643671
0.70151
0.173993
0.0749795
0.092659
-0.103199
-0.0124802
-0.0127881
-0.424783
-0.293798
-0.476044
-0.120232
-0.0220677
-0.0131202
-0.0788212
0.0173058
-4.561e-05
0.380121
0.720173
0.5487
0.411
0.086318
-0.189887
0.0640426
0.185626
-0.0682235
0.11336
0.106169
-0.0695181
-0.234227
-0.348389
-0.208091
-0.389631
-0.29084
-0.274747
-0.194524
-0.27876
-0.475302
-0.419199
-0.474735
-0.148918
0.137097
0.192243
0.0306632
-0.00329457
-0.0672482
-0.385958
-0.339882
-0.299212
-0.156959
0.187091
0.103619
-0.0686664
0.252563
0.220297
0.371014
0.234924
0.498716
0.268341
0.210175
0.274899
-0.00290809
-0.360464
-0.838554
-0.892394
-0.867624
-0.505153
-0.518695
-0.446748
-0.386789
-0.413453
-0.597727
-0.420271
-0.0899771
-0.266425
0.139355
0.414997
0.462048
0.2132
0.102418
0.265132
0.339007
0.169042
-0.0454167
-0.242385
0.0563857
-0.0354936
-0.246755
-0.226937
-0.246602
-0.175429
-0.21435
-0.0826413
-0.0146884
0.218791
0.184156
0.257278
0.398866
0.0646061
0.0864797
0.0906371
0.416569
0.131803
0.0797636
0.17427
0.137721
-0.111338
-0.162918
-0.153151
-0.230687
-0.188024
-0.349422
-0.369266
-0.391512
-0.112838
-0.0789024
0.00408434
-0.091253
0.0287686
-0.00567535
-0.00415523
0.0245718
0.265615
0.40962
0.481928
0.324754
0.583368
0.771998
0.42603
0.264782
0.399348
0.198269
0.288403
0.565875
0.632933
0.469679
0.511657
0.570202
0.425352
0.455013
0.205039
-0.104676
-0.0249063
0.0854257
0.084692
0.0199892
-0.206886
-0.291416
-0.315701
-0.27489
-0.159394
0.116378
0.105396
-0.0340222
-0.253336
-0.302026
-0.411122
-0.223518
-0.304018
-0.0842087
-0.297297
-0.180449
-0.192478
-0.281641
-0.124672
-0.123477
-0.151564
-0.0500913
0.0509686
0.109895
0.279142
0.359262
0.20817
0.0735624
0.0625705
0.073036
-0.208488
-0.244298
-0.0590391
0.148094
0.278185
0.18109
0.186669
-0.0763514
-0.0152996
-0.0203262
-0.0284906
-0.165263
0.0339741
0.0390386
-0.015979
0.244877
0.0326578
-0.134995
-0.192622
-0.0184353
0.0132403
-0.0212725
-0.00308179
-0.2007
-0.461642
-0.282032
-0.108098
-0.0517438
-0.0795732
-0.0513458
-0.121873
-0.242524
-0.0945382
-0.0213211
0.0399372
-0.112921
0.0865358
0.0908509
0.230057
0.366155
0.419276
0.384997
0.559392
0.537811
0.424299
0.446131
0.241156
0.375032
0.214405
0.010334
0.139481
0.284675
0.0822246
-0.192793
-0.193048
-0.079314
0.00656102
-0.158723
-0.26411
-0.506291
-0.337591
-0.305465
-0.128066
-0.269111
-0.158197
-0.25357
-0.0680576
-0.0400397
-0.193524
-0.246817
-0.136042
-0.291707
-0.343206
-0.483379
-0.38423
-0.126805
-0.00388075
0.129238
-0.0267937
-0.0995752
-0.0513318
-0.203677
-0.152056
0.161066
-0.0125198
-0.253522
-0.0868893
0.0131709
0.282121
0.298999
0.304853
0.429697
0.462227
0.642606
0.436091
0.280593
0.0876019
-0.0771117
0.00196443
-0.203837
-0.364892
-0.303919
-0.455191
-0.400669
-0.160687
-0.181594
-0.266241
-0.324037
-0.371019
-0.542493
-0.455369
-0.293229
-0.27416
-0.338313
-0.132249
-0.128605
-0.190176
-0.272285
-0.334285
-0.320599
-0.158835
0.125163
0.034246
-0.106011
-0.00455375
0.186648
0.11649
0.00681899
0.0749323
-0.012206
-0.0562309
-0.123359
-0.0865838
0.0745229
0.159834
0.112171
-0.283588
-0.645367
-0.371718
-0.165825
-0.20584
-0.474793
-0.374267
-0.0419828
-0.172264
-0.0388719
-0.291829
-0.171047
0.0558377
0.125289
0.260698
0.383763
0.448847
0.115216
0.180901
0.166157
0.0655226
0.290283
0.278875
0.478577
0.579747
0.641059
0.275801
0.0953877
0.0522868
-0.0446416
-0.131244
-0.138739
-0.0754559
-0.192085
-0.0689324
0.132108
0.127361
0.145576
0.0873616
0.262304
0.280911
-0.0184212
-0.146423
-0.210086
-0.304504
-0.31712
-0.10671
-0.0748472
-0.145584
-0.277808
-0.210892
-0.231793
-0.223421
-0.243207
-0.319921
-0.0617928
-0.00537137
0.07918
0.262145
0.0324859
0.262342
0.318891
0.410357
0.323364
-0.0484602
-0.196704
-0.178065
-0.118633
-0.167135
-0.137022
-0.247098
-0.18867
-0.249253
-0.107597
-0.010535
0.129185
0.098393
0.0521237
0.0204189
-0.0955252
-0.237177
-0.247892
-0.251543
-0.310596
-0.612645
-0.499916
-0.298722
-0.0300787
-0.137204
-0.0942874
-0.0376822
-0.1027
-0.18952
-0.278103
-0.403296
-0.260016
-0.111252
-0.220211
-0.222117
-0.241828
-0.101839
-0.104588
-0.414577
-0.316953
-0.179699
-0.28582
-0.106189
-0.0630639
0.070696
0.0727654
0.0242637
-0.0631077
-0.142259
-0.23515
-0.235982
-0.155429
-0.018358
0.270002
0.220716
0.175612
0.101618
0.0535059
-0.0675798
-0.102568
-0.0633806
-0.200892
0.0568309
0.0246307
0.130717
-0.00641479
0.0589676
0.155074
-0.184114
-0.142275
-0.0140132
-0.126319
-0.155754
-0.270474
-0.217107
-0.123766
0.00518384
0.08242
0.109987
0.102281
0.0638931
0.0838795
0.118211
0.421564
0.291903
0.285095
0.362902
0.370182
0.422567
0.404317
0.317514
0.272972
0.243859
0.208709
0.079908
0.171143
0.0998779
-0.0212441
-0.159652
-0.0568244
0.0330883
-0.0408794
-0.0849385
-0.00034533
0.195266
0.0980294
0.0821278
-0.0205494
0.0863382
0.070447
0.29742
0.38589
0.272787
0.155257
0.205442
0.12204
-0.0650698
-0.0597242
-0.0187039
0.434706
0.602518
0.345194
0.231244
0.0385139
-0.17137
0.0348632
0.0495862
-0.0796212
-0.151137
-0.177489
-0.375641
-0.126329
-0.052465
0.116751
0.0681991
-0.025408
-0.0189816
-0.105085
-0.129896
-0.161398
0.021356
0.0846371
-0.136891
-0.128742
-0.0384562
0.202899
0.192434
0.117733
-0.0575836
0.0764337
0.221914
0.32734
0.311788
0.160121
0.141579
0.135007
0.202753
0.173834
0.248412
0.317441
0.0492716
0.137093
0.143259
0.115906
0.0454079
0.0515926
-0.0714422
-0.217724
-0.154875
-0.0749033
-0.125564
-0.131912
-0.108706
-0.0621702
-0.0197349
0.0822568
0.144091
0.200368
-0.00313788
-0.0300907
-0.0608193
0.0502594
0.112595
0.0722937
-0.0448529
0.00472041
0.0446884
0.0776738
0.161862
0.230511
0.0227609
0.0538732
0.0440274
-0.0264398
-0.190658
-0.295706
-0.348844
-0.480512
-0.325337
-0.331341
-0.133248
-0.0978452
-0.00564371
0.155505
0.16074
0.10487
0.182821
0.11943
0.0810734
0.082567
0.0990241
-0.0167373
0.062065
0.0313163
-0.0883588
0.0445524
0.269806
0.169336
0.20249
0.136396
0.177222
0.136642
0.2919
0.400357
0.347693
0.35393
0.205893
0.0382463
0.0547079
0.107931
0.0542672
0.111813
0.217539
0.135013
-0.151113
-0.203905
-0.0863909
-0.0481351
-0.178434
-0.146033
-0.0959131
-0.0974533
0.00986104
0.0671171
0.21064
0.247724
0.134915
0.1449
0.0789265
0.0248083
-0.0607187
-0.0457433
-0.0254402
0.141198
-0.0260147
-0.00290865
0.0535823
0.0113568
-0.0408446
-0.109228
-0.262843
-0.189811
-0.0568571
-0.00900142
-0.0303906
0.102006
-0.0421911
-0.150441
-0.138092
-0.195684
-0.16931
0.000104771
0.0802563
-0.015012
0.0166625
0.0325671
0.00925334
-0.089698
-0.148331
-0.0871799
-0.115865
-0.124222
0.00796491
0.0330483
0.0731334
-0.0539451
-0.224822
-0.193615
-0.283344
-0.0372801
0.19239
0.189946
0.181936
0.225844
0.164148
0.00211858
0.0263298
-0.017162
0.101225
0.0788245
0.113546
0.144198
0.177501
0.0772823
0.102984
0.0829766
-0.10066
-0.147485
-0.0886481
-0.0673737
-0.124413
-0.0407882
-0.0217263
-0.0345253
0.052314
0.0731654
-0.0666489
-0.0931488
-0.018791
-0.0943141
-0.124415
-0.0495842
0.0611697
0.0500208
-0.0236241
-0.103606
0.00974076
0.139223
0.237229
0.176939
0.124158
0.103663
0.0256277
-0.10501
-0.0596132
0.0360371
0.0852423
0.132704
0.115186
0.155854
0.103151
0.0551933
0.0602371
0.111884
0.0383851
0.100956
-0.023243
0.0793171
0.178713
0.076543
0.237068
0.122042
0.0430818
-0.028696
-0.0820171
-0.0914673
-0.0465259
-0.0433902
-0.0621268
0.0428355
-0.0249976
-0.110626
-0.19236
-0.10029
-0.106535
-0.127403
-0.0644514
-0.118502
-0.131559
-0.208352
-0.0700752
0.0962845
0.0220588
-0.00460827
-0.0563839
-0.0714431
-0.0404706
-0.0264098
0.0371539
0.0866506
0.155386
0.222566
0.0686551
-0.0165707
0.00705249
0.0139938
-0.072261
-0.0730527
-0.0484648
-0.178519
-0.131772
-0.170254
-0.133237
-0.167163
-0.0486844
-1.99673e-05
-0.0224186
-0.0540748
-0.134405
-0.159713
-0.104479
-0.0809187
-0.176426
-0.10224
-0.0992595
-0.0537032
-0.10168
-0.193367
-0.167724
-0.163079
-0.103842
-0.104841
-0.0853254
0.0292177
0.079934
0.05508
0.0123941
0.0105818
0.0376845
0.0619071
0.0134926
0.00894501
0.0175034
0.0625088
-0.0600242
0.0332233
0.0030685
-0.0235801
-0.0411753
-0.0144616
-0.0254246
0.0478708
0.0200784
-0.031283
-0.158725
-0.110952
-0.157791
-0.204438
-0.176159
-0.170498
-0.102511
0.0273997
-0.0498653
-0.0125037
-0.0125078
-0.00629731
0.0520701
0.085583
0.133136
0.158775
0.0597734
0.01423
0.0606132
0.119419
-0.0381233
0.012816
0.00907133
-0.0352904
-0.0436179
0.0127352
0.0198743
0.0350823
-0.0119416
-0.0425374
-0.0289305
-0.0807399
-0.048221
-0.0508506
-0.00581237
0.000890967
0.0685917
0.165354
0.162545
0.129435
0.0910612
0.0735275
0.0334515
0.0555514
0.0510656
0.117889
0.0985108
0.0696373
0.0980135
0.100312
0.0924386
0.0900256
-0.0252989
-0.0537872
-0.0761532
-0.112877
-0.140126
-0.0765
-0.0385943
0.0401839
0.0411932
0.0842967
0.0240486
0.0352743
0.0231193
-0.033066
-0.111054
-0.11066
-0.042973
0.0429885
0.0936826
0.0999897
0.0269279
-0.0905847
-0.0826312
-0.0250824
-0.0044301
-0.00933244
0.101306
0.142015
0.0972724
-0.00830981
-0.117742
-0.0511172
-0.00820489
-0.0925704
-0.0331595
-0.0365447
-0.00883592
0.000252425
0.0579428
0.0725401
0.0741328
0.119767
0.0732141
0.123397
0.148702
0.0763012
0.0756213
0.0742513
0.0257619
-0.0311137
0.0182942
0.0125084
0.0244354
0.0332303
-0.00713497
0.0554692
0.00354071
-0.0299671
-0.0290332
-0.0233091
0.00824582
0.023893
0.112285
0.0457263
-0.013247
0.00035254
0.0102741
-0.032228
-0.0937952
-0.0799565
0.00459424
0.113404
0.131742
0.176876
0.13145
0.0324662
0.118627
0.168468
0.134549
0.118583
0.0889803
0.00897261
0.0513306
0.0259955
-0.0578101
-0.0860464
-0.143203
-0.1169
-0.0853519
-0.0649476
0.000795882
0.0172313
-0.0094106
0.0120677
0.0706307
0.0786734
0.0308582
0.0127234
0.0277095
0.107941
0.0614463
-0.0090563
0.0570797
0.0406349
-0.00257918
0.048268
0.0164532
-0.00726538
0.0697691
0.0325806
0.00831671
0.0275727
0.0593726
0.0321379
0.0955894
0.125497
0.116259
0.121936
0.0922639
0.191006
0.146487
0.0720045
0.0778277
0.0505172
0.0869341
0.164521
0.140012
0.106888
0.0486548
0.0587135
-0.002266
-0.0792851
-0.0938363
-0.00444133
-0.0709477
-0.070125
-0.0243788
0.00240413
0.0690548
0.0987189
0.0708791
0.0276646
-0.0706776
-0.0505954
-0.0778335
0.0314676
0.019872
0.0202941
0.0193966
-0.0148769
0.0254551
0.00855029
0.0560227
0.0182199
-0.0226317
-0.0657352
-0.0581105
-0.0749803
-0.0747742
0.0020026
-0.00511808
0.0467063
0.0785857
0.0628999
0.100963
0.0277784
0.0639586
0.0797812
0.0490363
-0.0361127
-0.0489815
-0.0165904
-0.0704377
-0.0351021
-0.0354679
0.0204015
0.0366397
0.00859841
0.0417938
0.0248697
-0.029404
0.015532
-0.000790073
-0.0329449
-0.0197683
-0.011915
0.0118314
0.0291915
0.0746091
0.057775
0.0322409
-0.000173133
-0.050044
0.0141734
0.00157522
0.0119187
-0.0669464
-0.0597823
-0.0532301
-0.0635923
-0.0795298
-0.0273103
-0.0260818
-0.0234587
-0.0432445
-0.0645971
-0.0559262
0.0191139
0.0406094
0.0612705
0.107514
0.0747736
0.0311951
0.0721484
0.123543
0.046143
0.025657
0.0512428
0.081202
0.104203
0.0656547
0.0608224
-0.0327534
-0.140845
-0.109732
-0.165961
-0.117096
-0.0466285
-0.0473629
-0.118204
-0.0887646
-0.0764708
-0.029426
0.00728329
0.0186158
0.00328092
0.00202636
-0.0628149
-0.0974696
-0.073557
-0.053911
-0.0438648
0.00597205
0.0709867
0.0404268
-0.035114
0.00840873
-0.0161163
-0.0356493
-0.0214652
-0.0211409
-0.0866336
-0.089208
-0.0772991
-0.0697108
-0.0870849
-0.0789935
-0.0765181
-0.0653048
0.00252944
0.0306186
0.0306955
-0.04347
-0.0762962
-0.0620008
-0.0168889
0.0183409
-0.044074
-0.0834244
-0.0387262
-0.0244875
0.0111326
-0.0600152
-0.0449131
-0.0571798
-0.0281272
-0.0039932
-0.0326171
-0.0287019
-0.0190671
-0.0527221
-0.0480569
-0.0644829
0.0040613
-0.0177791
-0.0430457
-0.0574318
-0.0987581
-0.0505448
-0.00329999
-0.0370354
-0.00718087
-0.0252018
-0.0148309
-0.00637455
0.0128508
-0.01961
-0.0756772
-0.0421355
-0.0346535
-0.0401407
-0.0120189
-0.0232296
-0.0640393
-0.121789
-0.136843
-0.124749
-0.0900623
-0.0597815
-0.0900812
-0.0889975
-0.119007
-0.143806
-0.152394
-0.176166
-0.0994419
-0.0761997
-0.0369213
-0.00790955
-0.0227965
-0.0495464
-0.0449684
-0.0783223
-0.074099
-0.00992568
0.0189478
0.0475321
0.0415715
0.0281997
0.00337365
-0.0218993
-0.0221867
-0.0262814
-0.0246354
0.0270063
0.0354032
0.0201656
-0.00559387
-0.00367801
-0.0352655
-0.0372291
0.00484808
-0.0348899
-0.0184489
-0.0164433
-0.0719143
-0.0365073
-0.0218003
-0.0641562
-0.040236
-0.00568038
0.00398334
0.0127047
-0.0120607
-0.0251646
-0.00187856
0.0319896
0.0816459
0.0591376
0.0716399
0.0677204
0.0755568
0.0792548
0.0429758
0.0275232
0.00528343
0.0254002
0.087476
0.0553252
0.00870826
-0.00361138
-0.0259484
-0.0369146
-0.0164263
0.00471902
0.00235459
-0.0186952
0.0146653
0.0436195
0.0367146
0.0139408
0.018342
0.0257725
-0.0205731
-0.0300914
-0.035573
0.010059
0.0531989
0.0788731
0.0794498
0.127351
0.0686562
0.0819326
0.0986269
0.0846323
0.0681873
0.0745849
0.0686505
0.0705253
0.0425298
0.0616553
0.0511998
0.0592228
0.0297473
-0.00374744
-0.0473484
-0.0536759
0.0300703
0.0357911
0.0500189
-0.0186363
-0.0347249
-0.076608
-0.0950777
-0.083067
-0.0556169
-0.0733234
-0.091934
-0.0471145
-0.0165639
0.0170169
0.0545314
0.0483505
0.0670317
0.0473006
0.00324664
0.0238243
-0.0317744
-0.0319089
-0.00784878
0.0152104
0.0144813
0.0129869
0.00801594
0.0152643
0.0195391
0.0113685
0.0173216
0.0147015
0.00983858
0.00104909
-0.000620228
-0.0017908
-0.0266315
0.0145237
0.0268495
0.0113465
0.00187514
-0.0202206
-0.0217672
-0.0376607
-0.0375817
0.000140848
-0.00126573
-0.0224822
-0.0620761
-0.02475
-0.0297502
-0.00372577
-0.0159261
0.0383669
0.0513092
0.0215703
0.0248042
0.00498957
0.0421694
0.0377627
0.0700323
0.0365198
0.022243
0.0263356
0.0308539
0.0205784
0.0309939
0.032818
-0.0086361
-0.0263075
-0.0353699
0.0183921
0.0712474
0.0880262
0.055496
-6.37006e-05
-0.00799794
-0.027516
-0.0289262
-0.0304875
0.00976323
-0.0028559
0.0143454
0.0583762
0.0469908
0.0571332
0.0896093
0.0488582
0.0338419
0.0547772
0.0096365
0.00652172
-0.0305644
-0.0114861
-0.0116479
0.0109011
0.029803
0.0322856
0.0516306
0.0682929
0.0510423
0.0125794
0.00369814
4.16708e-05
-0.0154881
-0.0105273
0.00489546
-0.0468337
-0.0152122
-0.0136885
-0.0157103
-0.0148504
0.00308172
-0.019823
-0.00889812
-0.0232572
-0.0247763
-0.00561213
0.0120386
0.00782443
-0.0162698
-0.0576418
-0.0774691
-0.0498085
-0.0296552
-0.0179175
-0.0301511
-0.0248732
0.00974296
0.00689362
0.0295882
0.0206117
0.0267806
0.0204241
0.00686847
0.0236756
0.013374
0.0123574
-0.0229132
-0.0269123
-0.0106415
0.0166603
0.0152649
0.0234417
0.0452222
0.0415425
0.0303041
0.0277509
0.00972286
-0.0232141
-0.0212696
-0.0250218
-0.0303317
-0.0455257
-0.0272427
-0.0521646
-0.0680464
-0.0702819
-0.0606993
-0.0274608
-0.00923886
0.00784574
0.0313293
0.0462685
0.0541318
0.0392053
0.0550818
0.0438301
0.0195738
0.0166923
0.0109127
0.0139526
-0.0146533
-0.028549
-0.0600533
-0.0472285
-0.0738292
-0.0506968
-0.0355541
-0.0116263
0.0174284
0.0437808
0.029614
0.0220496
0.0253939
0.046639
0.0411245
0.0353372
0.0539351
0.0487206
0.052327
0.025264
0.0360461
0.00621717
-0.00611828
0.0186496
0.020033
0.0242591
0.0248951
-0.00500388
-0.0106172
-0.0396337
-0.0547269
-0.0427879
-0.0210109
-0.0212528
-0.015968
0.00662311
0.0316602
0.0222407
0.021492
0.00174998
-0.0124931
-0.0173545
-0.0157256
-0.00196664
-0.0363353
-0.0618198
-0.0537495
-0.0300886
-0.0289769
-0.0131969
0.00355002
-0.0016148
0.0220108
0.0169392
0.0295313
0.0269455
-0.0100434
-0.0179753
-0.0048926
-0.0201548
0.00721214
-0.00867387
-0.0106804
-0.0028182
-0.000958036
-0.00291853
0.018013
0.0337531
0.0369599
0.015931
0.00312095
0.00198376
-0.00383872
-0.0116831
-0.00930888
-0.00239951
-0.03013
-0.0338607
-0.0396669
-0.0311773
-0.0183489
-0.0183214
0.00363662
-0.00123131
-0.0102703
0.0173535
0.0081185
0.00435079
-0.0364169
-0.00295625
-0.010885
-0.0259537
-0.0294827
-0.0271939
-0.0442997
-0.0274647
-0.02138
-0.0124598
-0.000603986
-0.00762632
0.00181219
-0.00226799
-0.00742586
-0.0144043
-0.000120392
