-0.00232007600000000
-0.00238257200000000
-0.00229431200000000
-0.00209750900000000
-0.00207389700000000
-0.00218956900000000
-0.00198272100000000
-0.00142521100000000
-0.000932414000000000
-0.000884866100000000
-0.00173726200000000
-0.00163546800000000
0.00159968100000000
0.00273234500000000
-0.00151993300000000
-0.00334744700000000
0.000924860100000000
0.00447524400000000
0.00243622000000000
0.000354083600000000
0.00165461600000000
0.00270930100000000
0.00224942400000000
0.00171782700000000
0.00259824300000000
0.00543270200000000
0.00740529000000000
0.00574785800000000
0.00254909600000000
0.00590310000000000
0.00887617000000000
0.00401833700000000
0.00149182700000000
0.00334372200000000
0.00926982200000000
0.0187220400000000
0.0184278200000000
0.00311775700000000
-0.00409754700000000
0.00981310000000000
0.0219906000000000
0.0161875000000000
-0.00239333000000000
-0.00976561300000000
0.0110812900000000
0.0283336400000000
0.0182238500000000
0.00138217500000000
-0.00513775600000000
-0.00919554600000000
-0.0100173100000000
0.000236977200000000
0.0175716300000000
0.0266817100000000
0.0101247400000000
-0.0122083100000000
-0.0119441300000000
-0.0101896300000000
-0.0289630700000000
-0.0394200400000000
-0.0182052300000000
0.0184221700000000
0.0235460700000000
-0.0157370900000000
-0.0443054700000000
-0.0235950100000000
0.0105091600000000
0.0157165600000000
0.00543881700000000
0.0169891600000000
0.0494859100000000
0.0513029400000000
0.00248436600000000
-0.0154721700000000
0.0244147700000000
0.0572513400000000
0.0440872400000000
-0.00860732900000000
-0.0537521600000000
-0.0466585100000000
0.00684339300000000
0.0193580600000000
-0.0267543900000000
-0.0431181200000000
0.0156635000000000
0.0662563700000000
0.0359094700000000
-0.0151131500000000
-0.0225377600000000
0.00257915000000000
0.0570381700000000
0.0862219300000000
0.0578448600000000
0.00901861100000000
-0.0232492800000000
-0.0138382300000000
0.0165277300000000
0.0205034100000000
-0.0145991600000000
-0.0353282500000000
-0.0208120700000000
0.00185903900000000
0.0259395900000000
0.0262932500000000
-0.0328766700000000
-0.0695859700000000
-0.00709235200000000
0.0400857300000000
0.00656149200000000
-0.0242138100000000
-0.0371064600000000
-0.0360541800000000
0.00650839900000000
0.0465061600000000
0.00916253800000000
-0.0297817800000000
0.00408420700000000
0.0289448300000000
-0.00617329300000000
-0.0340187600000000
-0.0203045800000000
-0.00826044900000000
-0.0177755200000000
-0.0317353400000000
-0.0246623200000000
-0.0108837500000000
-0.0235765200000000
-0.0405322300000000
-0.0523312400000000
-0.0598672400000000
-0.0214050700000000
0.0221338900000000
0.00859874600000000
-0.0245737500000000
-0.0408272200000000
-0.0570287000000000
-0.0744993600000000
-0.0609838000000000
-0.0193326000000000
0.00894301500000000
0.00528357400000000
0.000267022200000000
6.52091600000000e-05
-0.00664819000000000
-0.0201778200000000
-0.0150583200000000
0.00774351600000000
0.0165665100000000
0.0137289000000000
0.0184012100000000
0.0331058300000000
0.0363753600000000
0.0534778600000000
0.0720026000000000
0.0816757900000000
0.0979154700000000
0.104868800000000
0.0985260500000000
0.0864151500000000
0.0950454900000000
0.106832500000000
0.0943914800000000
0.0764226400000000
0.0686840300000000
0.0483722100000000
0.0155099300000000
-0.0278077900000000
-0.0508284900000000
-0.0501179100000000
-0.0586341600000000
-0.0767965000000000
-0.0803710400000000
-0.0846680700000000
-0.115902700000000
-0.133604600000000
-0.122540500000000
-0.0737479600000000
0.00556744900000000
0.0308313700000000
-0.0132762600000000
-0.0322190000000000
-0.0152135800000000
-0.0297889500000000
-0.0614784600000000
-0.0684968000000000
-0.0578533400000000
-0.0512427700000000
-0.0622788000000000
-0.0824922000000000
-0.0907300900000000
-0.0656615800000000
-0.0335955600000000
-0.0338426400000000
-0.0644908600000000
-0.0716883300000000
-0.0372247700000000
-0.00195697200000000
0.0222600400000000
0.0475931300000000
0.0703433300000000
0.0763249100000000
0.0528009500000000
0.0102793900000000
-0.00898421500000000
-0.0188009600000000
-0.0123633500000000
0.0217576900000000
0.0657881700000000
0.0829590500000000
0.0411232800000000
-0.0337780600000000
-0.0685028000000000
-0.00465630000000000
0.0919923300000000
0.0981669100000000
0.0233232800000000
-0.0190081200000000
-0.0203991300000000
0.00839934300000000
0.0507204700000000
0.0532504000000000
-0.00696852400000000
-0.102048800000000
-0.175741400000000
-0.198429500000000
-0.206033800000000
-0.192269300000000
-0.108743300000000
-0.0137307900000000
0.0293415900000000
0.0700531900000000
0.120197800000000
0.171127300000000
0.237368100000000
0.242468100000000
0.180574700000000
0.123831600000000
0.0828220500000000
0.0273950800000000
-0.00258847700000000
0.0104509500000000
0.0470860900000000
0.0409532000000000
-0.0484597100000000
-0.0838387500000000
-0.0607280100000000
-0.0715531200000000
-0.132562500000000
-0.177314100000000
-0.122887800000000
0.0337371300000000
0.194468700000000
0.171567900000000
0.00994546800000000
-0.0397367700000000
0.0434791400000000
0.103941900000000
0.132402700000000
0.122905500000000
0.0514568200000000
-0.0372849700000000
-0.128803300000000
-0.144023800000000
-0.0758370100000000
-0.0227450500000000
0.0485483900000000
0.0726179900000000
-0.0485155600000000
-0.136621800000000
-0.0916400900000000
0.00116932400000000
0.0681126500000000
0.0648857900000000
0.0132426100000000
-0.0264200400000000
-0.0144315300000000
0.0337086400000000
0.0829903900000000
0.0999456100000000
0.0536373300000000
-0.0233047400000000
-0.0565070600000000
-0.0622250700000000
-0.101389300000000
-0.100347700000000
-0.00305125900000000
0.0486157600000000
0.00820916800000000
-0.0337705800000000
-0.0430231800000000
-0.0584627400000000
-0.0735970200000000
-0.0451762500000000
-0.0165055700000000
-0.00803539400000000
0.0273746800000000
0.112142500000000
0.192974800000000
0.160161500000000
0.0382964800000000
-0.0227964300000000
-0.0464569800000000
-0.0991717200000000
-0.0725725500000000
-0.0255268600000000
-0.0163897900000000
0.0257099100000000
0.0262210600000000
-0.00214145400000000
-0.0172827400000000
-0.0426003700000000
-0.0790321900000000
-0.119259100000000
-0.0909578800000000
-0.0324752900000000
-0.00659481000000000
0.0279924600000000
0.0563107700000000
0.0148609300000000
-0.0168486800000000
0.0201989100000000
0.0237702500000000
-0.00352831300000000
-0.0226343700000000
-0.0440666100000000
-0.0245939200000000
0.0614512500000000
0.196974300000000
0.313512200000000
0.247548800000000
-0.0461373200000000
-0.265249200000000
-0.310932400000000
-0.210724700000000
0.120024500000000
0.323890400000000
0.294434000000000
0.294307700000000
0.171250500000000
-0.0889566300000000
-0.260756600000000
-0.239063700000000
-0.151377400000000
-0.159686400000000
-0.127322300000000
-0.0766182400000000
-0.116029600000000
-0.126104700000000
-0.0996214400000000
-0.00248282000000000
0.100782900000000
0.00435027400000000
-0.0727795500000000
-0.00728304400000000
0.0255129500000000
0.00596758800000000
0.0444813800000000
0.121737300000000
0.0472908500000000
-0.0541623500000000
0.0144038300000000
0.0365686400000000
-0.0487415300000000
-0.0312896700000000
0.0554090900000000
0.0562436700000000
0.00235863400000000
-0.0290950700000000
-0.0236892800000000
0.0234745300000000
0.0508034900000000
0.0508938200000000
0.0266444700000000
0.0414521600000000
0.0967924700000000
0.0887042800000000
0.0699342200000000
0.0649408100000000
-0.0379548600000000
-0.155737600000000
-0.172937900000000
-0.206387700000000
-0.230718900000000
-0.158244800000000
-0.101214800000000
-0.0675764000000000
0.0753464400000000
0.220902300000000
0.192792100000000
0.0949369200000000
0.0777092600000000
0.0576795200000000
0.0123890500000000
0.00337769000000000
0.0579671500000000
0.0646145700000000
-0.0132179300000000
-0.0108480000000000
0.0804133400000000
0.121679600000000
0.0980277500000000
0.0895131400000000
0.109017800000000
0.0837131200000000
0.000928315500000000
-0.0142574200000000
-0.000538231400000000
-0.0128993700000000
-0.0346929500000000
-0.117986800000000
-0.191515900000000
-0.160233300000000
-0.0442613500000000
0.0685500800000000
0.0880912800000000
0.0568173900000000
0.0637060100000000
0.0761178900000000
-0.0168730800000000
-0.125190500000000
-0.0709670200000000
0.0457904900000000
0.0896680600000000
0.0937182700000000
0.115097800000000
0.101758900000000
0.0925078500000000
0.0722535900000000
-0.0537003000000000
-0.136687000000000
-0.0524507500000000
0.0460099800000000
-0.00417949100000000
-0.0874562900000000
-0.0736152200000000
-0.0479854600000000
-0.0752536600000000
-0.130758000000000
-0.198520700000000
-0.142321300000000
0.0643084100000000
0.107230400000000
-0.0390969800000000
-0.0547817500000000
0.0701599700000000
0.0996650900000000
0.101809100000000
0.152115800000000
0.165254700000000
0.106113300000000
0.0487286500000000
0.0437994400000000
0.0530485900000000
0.0761701900000000
0.113026900000000
0.0786304000000000
0.0154056000000000
-0.0134620500000000
-0.0147699000000000
-0.0315295600000000
-0.0921972300000000
-0.121303300000000
-0.113230900000000
-0.119823700000000
-0.0788329000000000
0.0228914000000000
0.0756029600000000
0.00491795600000000
-0.0699066000000000
-0.00510958800000000
0.0281626700000000
-0.0462523800000000
-0.0678750300000000
-0.00328774300000000
0.00992874900000000
-0.00867925200000000
-0.00132420900000000
0.00477477300000000
-0.00906547800000000
0.0333271900000000
0.113479600000000
0.150303800000000
0.0917089900000000
-0.0301583800000000
-0.103587300000000
-0.0990124000000000
-0.0924611900000000
-0.0977328800000000
-0.0571223700000000
0.0624784100000000
0.112475400000000
0.0678084700000000
0.0252892800000000
-0.0360300700000000
-0.0527175900000000
0.0161412800000000
0.141170500000000
0.190185100000000
-0.00155188600000000
-0.214274500000000
-0.161381400000000
-0.000988618600000000
0.0427947600000000
-0.0179329100000000
-0.0292491500000000
0.0700414700000000
0.130223000000000
0.0415471800000000
-0.0834425900000000
-0.106582600000000
-0.0799565700000000
-0.0838750200000000
-0.0507589200000000
0.0305837500000000
0.0861890900000000
0.0143010900000000
-0.0652640200000000
0.00140246100000000
0.0274380300000000
-0.0329185000000000
-0.0549573100000000
-0.0605426900000000
-0.0395864100000000
0.0361605000000000
0.0702941300000000
0.0459781800000000
0.0388559300000000
0.0231567900000000
0.00604894300000000
0.0454507500000000
0.0589129500000000
0.0295476200000000
0.0229991600000000
-0.0245028400000000
-0.0863124200000000
-0.0880634000000000
-0.0898270300000000
-0.0827616400000000
-0.0441977800000000
-0.0299335600000000
-0.0590725800000000
-0.0523336500000000
0.0262166500000000
0.0885803800000000
0.0849625500000000
0.0674228900000000
0.0742968200000000
0.0709060300000000
-0.0112871200000000
-0.0685778200000000
-0.0106840800000000
0.0902381900000000
0.116977300000000
0.0165857000000000
-0.0785299500000000
-0.0525565900000000
-0.00611783600000000
-0.00868902400000000
-0.0617596700000000
-0.0787114800000000
-0.0447607200000000
-0.00364379700000000
0.0471701300000000
0.0526919700000000
0.0402268600000000
0.0429802900000000
0.0159771800000000
-0.0343686300000000
-0.0135452900000000
0.0106573200000000
-0.0247717600000000
-0.0187032500000000
0.0325095700000000
0.0344907200000000
-0.0110384900000000
-0.0249821000000000
-0.000942436900000000
0.0197636000000000
0.0278079700000000
0.0502027900000000
0.0427856400000000
0.0284727200000000
0.0414857800000000
0.0572491900000000
0.108851900000000
0.165809100000000
0.147629400000000
0.102855700000000
0.0939683500000000
0.0424523600000000
-0.0759639500000000
-0.0735987700000000
0.0355937000000000
0.0415190400000000
0.0226759700000000
0.0326973100000000
0.0146878000000000
-0.0369182700000000
-0.127275200000000
-0.168794500000000
-0.0898741400000000
0.0209951900000000
0.00121855100000000
-0.0485962000000000
-0.0779720900000000
-0.116556600000000
-0.0516375000000000
0.0761227300000000
0.0431334400000000
-0.0542691500000000
-0.0391139900000000
0.00541103600000000
0.0282489500000000
0.0342645500000000
0.0412747700000000
0.0821003300000000
0.154371800000000
0.127383300000000
-0.0636848200000000
-0.130159700000000
-0.00405682500000000
0.0154668100000000
-0.0824508400000000
-0.161066600000000
-0.160245900000000
-0.0351352800000000
0.0947966300000000
0.127279600000000
0.0447705300000000
-0.130443300000000
-0.115345700000000
0.101980600000000
0.156177300000000
-0.0100837500000000
-0.132359500000000
-0.0696042500000000
0.0530292500000000
0.0753965200000000
0.0443347200000000
0.0436286300000000
-0.00836235200000000
-0.103252700000000
-0.126318600000000
-0.0419373800000000
0.0694250000000000
0.0626447300000000
-0.00655352900000000
0.0352031800000000
0.131594600000000
0.124818600000000
-0.0136958400000000
-0.139244300000000
-0.0942500100000000
0.0375186100000000
0.0321439100000000
-0.0324886700000000
-0.0603067100000000
-0.0653389500000000
-0.0686523500000000
-0.0753119100000000
-0.0735383000000000
-0.0711479200000000
-0.0686838300000000
-0.0370157400000000
-0.0203110900000000
-0.0334865200000000
-0.0622977600000000
-0.0834118900000000
-0.0641969400000000
-0.0105290200000000
0.0138676500000000
-0.0129783900000000
-0.0425796200000000
-0.0289473000000000
0.0164411700000000
0.0514767000000000
0.0698397800000000
0.0459065100000000
-0.00459856400000000
-0.00969665000000000
0.0390274400000000
0.0576331200000000
-0.00941327200000000
-0.0590735500000000
-0.0168010100000000
0.00874779900000000
-0.0442211500000000
-0.0586782600000000
0.000691741100000000
0.0322348700000000
-0.00300597800000000
-0.0294186000000000
0.00473706500000000
0.0509087400000000
0.0501518800000000
-0.00828058900000000
-0.0581127000000000
-0.0410325700000000
0.00899943500000000
0.0330590300000000
0.0160311200000000
-0.0279894400000000
-0.0673484400000000
-0.0718801800000000
-0.0254710600000000
0.0194185500000000
-0.00254578800000000
-0.0452581300000000
-0.0238778500000000
0.0308143200000000
0.0319451800000000
0.000418454500000000
0.00606164000000000
-0.00313500900000000
-0.0341219100000000
-0.0436159000000000
0.0153111400000000
0.0844274700000000
0.0526915600000000
-0.0364109400000000
-0.0622646700000000
-0.0335127700000000
-0.0211575400000000
0.0306315700000000
0.0828559400000000
0.0521005400000000
-0.0124563000000000
-0.0300636600000000
-0.00789257300000000
0.00550054300000000
0.0302846500000000
0.0396528500000000
0.0272887900000000
0.00986517100000000
0.0300005900000000
0.0611403000000000
0.0391368300000000
-0.00620970700000000
-0.0307348000000000
-0.0435017100000000
-0.0462773000000000
-0.0135273700000000
0.0378244900000000
0.0590251100000000
0.0264146600000000
0.00498651800000000
0.0189829100000000
0.0238226700000000
0.00384091500000000
-0.0189519000000000
-0.0450984200000000
-0.0585916300000000
-0.0547913200000000
-0.0201601000000000
0.00647705900000000
-0.0217707200000000
-0.0476104000000000
-0.0515912000000000
-0.0475043400000000
-0.0319523700000000
-0.0165927200000000
-0.00272572800000000
-0.00630199300000000
-0.0192769300000000
-0.00761394800000000
0.00528198200000000
0.00551534100000000
-0.0154368700000000
-0.0182696400000000
0.0287985500000000
0.0528894500000000
0.0250282300000000
-0.0139528100000000
-0.0278945800000000
0.00417999000000000
0.0503352400000000
0.0448101500000000
0.00892957600000000
-0.00576477800000000
-0.00775586700000000
0.0170492600000000
0.0501311800000000
0.0348292900000000
-0.00350620700000000
0.0113257400000000
0.0794060200000000
0.0962370400000000
-0.0100655400000000
-0.0908911800000000
-0.00912386500000000
0.0348747800000000
-0.0202945300000000
-0.0383771900000000
-0.0174154700000000
0.00263474300000000
0.00641027800000000
-0.00297769600000000
-0.0205121900000000
-0.0302402300000000
-0.0297115600000000
-0.0187554600000000
0.0198679700000000
0.0473734100000000
0.0244447400000000
0.00340631300000000
0.0134436900000000
0.000317546300000000
-0.0115441500000000
0.0224141700000000
0.0501114500000000
0.0217716000000000
-0.0136345300000000
-0.0153703200000000
-0.00743648100000000
-0.00726248900000000
-0.0162799800000000
-0.00940832200000000
0.00745535800000000
0.00430230800000000
-0.00263604300000000
0.0152059500000000
0.0155163100000000
0.0165271400000000
0.0517816600000000
0.0687593800000000
0.0265843700000000
-0.00205128100000000
0.0261661200000000
0.0382591300000000
0.00779003900000000
-0.0105108800000000
0.00862894600000000
0.0275719700000000
0.0210703900000000
0.00318703000000000
-0.00333251900000000
0.00718603400000000
0.0263299400000000
0.0357992600000000
0.0299182600000000
0.0133118800000000
-0.00300551200000000
-0.00636437500000000
-0.00743664900000000
-0.0274043000000000
-0.0398455700000000
-0.0256274700000000
-0.0172413900000000
-0.0353461800000000
-0.0295662000000000
-0.00504154900000000
-0.0211045100000000
-0.0565913000000000
-0.0498101000000000
0.00131898100000000
0.0204022700000000
-0.00789281600000000
-0.0254930400000000
-0.0101130100000000
0.0121036200000000
0.0231286700000000
0.0213969000000000
0.0198688500000000
0.0232809400000000
0.0228884400000000
0.0154900600000000
0.0143930600000000
0.00516209300000000
-0.0375561300000000
-0.0542352600000000
-0.0305145300000000
-0.00562810600000000
0.0225338600000000
0.0539839700000000
0.0655548700000000
0.0550398100000000
0.0479786400000000
0.0456732000000000
0.0662032700000000
0.0818323200000000
0.0462893500000000
-0.0102975300000000
-0.0100157900000000
0.0509467700000000
0.0567575700000000
0.0230668600000000
0.0400551300000000
0.0714418000000000
0.0500814200000000
0.0153995200000000
0.0178936200000000
0.0244556100000000
0.00147651400000000
-0.0386464100000000
-0.0526386600000000
-0.0238920500000000
-0.00988038500000000
-0.0374349200000000
-0.0611136100000000
-0.0314524900000000
0.00623884000000000
-0.00953036100000000
-0.0328235200000000
-0.0370157800000000
-0.0377246100000000
-0.0160897900000000
0.0153423200000000
0.0297174900000000
0.0346216800000000
0.0416460600000000
0.0367938400000000
0.0174973800000000
-0.00184665200000000
-0.0113089800000000
-0.00873577200000000
-0.00611438700000000
-0.00303801100000000
0.0178990900000000
0.0410636700000000
0.0260973100000000
-0.0215622100000000
-0.0469839600000000
-0.0216967100000000
0.0136995000000000
0.0281414100000000
0.00534429900000000
-0.0371382400000000
-0.0469819800000000
-0.0409757000000000
-0.0387238800000000
-0.0363247200000000
-0.0271024300000000
-0.0178707000000000
0.0108576900000000
0.0501508900000000
0.0491837500000000
-0.0161699100000000
-0.0551298800000000
-0.0204497100000000
0.00966036600000000
0.0153321700000000
0.00724903100000000
-0.00487917200000000
0.000738820800000000
0.00706560700000000
0.00165573500000000
0.00308461400000000
0.0127018900000000
-0.00906312400000000
-0.0355385400000000
-0.0228621400000000
0.00184241700000000
0.0264551700000000
0.0509586300000000
0.0384538900000000
-0.00946188500000000
-0.0202277700000000
0.0211025600000000
0.0224131300000000
-0.0298837100000000
-0.0423478800000000
-0.0124431900000000
0.00276993400000000
0.000991262200000000
-0.0101176900000000
-0.0256301600000000
-0.0257313600000000
-0.0222919200000000
-0.0208805500000000
-0.0118648800000000
-0.00576268500000000
0.00677637900000000
0.0206011200000000
0.0110081200000000
-0.00929699400000000
-0.0268700100000000
-0.0153872600000000
0.0236630200000000
0.0307314600000000
0.000560193700000000
-0.0133612400000000
-0.00243146400000000
-0.00145612900000000
-0.00427871400000000
-0.000419335800000000
0.000664532000000000
-0.00890122300000000
-0.00749084600000000
0.00582844400000000
4.12047100000000e-05
-0.0227776300000000
-0.0374845300000000
-0.0341104200000000
-0.0248973900000000
-0.0160266400000000
0.00378441600000000
0.0212928900000000
0.0172910900000000
0.00449544100000000
-0.00939806600000000
-0.0174387400000000
-0.0131394000000000
-0.0159952700000000
-0.0252098900000000
-0.0182386800000000
-0.00541401100000000
-2.20160500000000e-05
-0.000495817100000000
-0.00247651900000000
-0.00165674500000000
0.000860354500000000
0.000348259300000000
-0.00237345600000000
-0.00531546800000000
-0.00880696700000000
-0.00629948000000000
0.00291350600000000
0.00565607000000000
0.00168870200000000
0.000539951700000000
0.00112146400000000
-0.00105306700000000
-0.00264188000000000
-0.00128983400000000
0.000221889600000000
0.000627100800000000
8.61733400000000e-05
7.44660200000000e-05
0.00151921800000000
0.00281327800000000
0.00315698900000000
0.00307853200000000
0.00320804300000000
0.00342672300000000
0.00353209200000000
0.00370209500000000
0.00405678000000000
0.00447613300000000
0.00477431200000000
0.00501034700000000
0.00525003300000000
0.00549006400000000
0.00573337900000000
0.00596436700000000
0.00618366100000000
0.00639823400000000
0.00660095200000000
0.00678851100000000
0.00696244800000000
0.00712227400000000