-0.000309313600000000
-0.000308200200000000
-0.000312761700000000
-0.000312886900000000
-0.000324050400000000
-0.000320218600000000
-0.000240379700000000
-0.000148499500000000
-0.000212653300000000
-0.000324071000000000
-0.000635167300000000
-0.00101807300000000
-0.000463819100000000
-0.000486365700000000
-0.000927056500000000
-0.000698320400000000
-0.000190814000000000
0.000195719800000000
8.22924800000000e-05
0.000176361100000000
0.000803717600000000
-4.62147500000000e-05
-0.00169784200000000
-0.00129169600000000
0.000519340300000000
0.000697607100000000
-0.000342308500000000
-0.000973264300000000
-0.00201400300000000
-0.000242073000000000
0.00175311300000000
0.00192117900000000
0.000981770800000000
-0.00163346500000000
-0.00194764100000000
-0.000427826000000000
0.000533315200000000
0.000728209500000000
0.000830713600000000
0.000822866600000000
0.000845497500000000
0.000745589400000000
0.000126842300000000
0.000323802500000000
0.000615528100000000
-0.00102638000000000
-0.000342976600000000
0.000863742100000000
-0.00233954300000000
0.00136368700000000
0.00463943700000000
-0.00123662600000000
-0.00568212200000000
0.00175718300000000
0.00656923500000000
0.00213412400000000
-0.00310644800000000
-0.00409375500000000
0.00154249900000000
0.00613838200000000
0.00231790900000000
-0.000576641200000000
-0.00173513800000000
-0.00348332400000000
-0.000475304800000000
0.00257180100000000
0.00349464400000000
0.00231441000000000
-0.00412708500000000
-0.00601161200000000
-0.00473446400000000
-0.00169638700000000
-0.000162686600000000
0.00633364500000000
0.0112895300000000
0.0105221300000000
0.000624540000000000
-0.00578433300000000
0.00396446100000000
0.00567110700000000
0.000496988700000000
0.00167636100000000
0.00558760900000000
0.00208974700000000
-0.00617927200000000
-0.00383057600000000
0.00774331200000000
0.00214457300000000
-0.000449436500000000
0.000778534600000000
0.00229090600000000
0.00674019100000000
0.00639959800000000
0.00289915500000000
0.00202149200000000
0.00288665000000000
0.00169013100000000
-0.00646135500000000
-0.00706195800000000
0.000795023700000000
0.00795207600000000
0.00629746200000000
-0.00678535200000000
-0.00713424800000000
0.00424662000000000
0.00291584600000000
-6.72479900000000e-05
0.00592837800000000
0.00582642000000000
0.00304562300000000
-0.00283125400000000
-0.00363264800000000
0.00298677400000000
0.0100129900000000
0.00864134600000000
-0.000742141900000000
-0.00382684000000000
-0.00106532200000000
0.00562384400000000
-0.000600306100000000
-0.00171991600000000
-0.000706742900000000
-0.000784323000000000
-0.00188753800000000
-0.00675468700000000
-0.000455283100000000
0.00334324400000000
0.00515521100000000
0.00324450600000000
-0.00783323300000000
0.00428038600000000
0.0183864300000000
0.00592496000000000
-0.00953962700000000
-0.0101227500000000
-0.00119333200000000
0.00853427100000000
0.00770528300000000
-0.00348909100000000
-0.00431641100000000
-0.00472090700000000
-0.00342625500000000
0.00651476500000000
0.00900213300000000
0.00612140100000000
-0.00309062900000000
-0.00540142600000000
-0.00361028400000000
0.000349207100000000
0.00135722200000000
0.000915634300000000
-0.00434565300000000
-0.00917302200000000
0.00476600000000000
0.0102294900000000
0.00300578800000000
-0.000101481500000000
-0.0140028200000000
-0.0131565900000000
-0.000744843500000000
-0.00623818900000000
-0.0112820400000000
-0.00625579900000000
-0.00458102400000000
-0.00141858400000000
-0.000454581900000000
-0.00446127300000000
-0.00508343700000000
-0.00504915800000000
-0.00568644300000000
-0.00432644200000000
-0.00251231400000000
0.00119867500000000
-0.000150324500000000
-0.0103980300000000
-0.0129881900000000
-0.00921546100000000
0.00200851100000000
0.00297901500000000
-0.000159895000000000
-0.00391157000000000
-0.00597902700000000
-0.00513418400000000
0.000406762400000000
-0.000832107800000000
-0.00811964000000000
-0.00941831800000000
-0.0160955000000000
-0.0172338400000000
-0.00631224000000000
0.00338240100000000
0.00585841300000000
0.00273948800000000
0.000945729500000000
0.000317569100000000
0.00406938700000000
0.00625233800000000
-0.00501881400000000
-0.00888881800000000
0.00119635400000000
0.00773652100000000
0.00830980200000000
0.00265376100000000
-0.00383790200000000
-0.00464670200000000
-0.00581324700000000
-0.000187322700000000
0.00781825400000000
0.00713696200000000
0.00480015300000000
-0.00275617900000000
-0.0130173800000000
-0.0134123000000000
-0.00106737000000000
0.00638581200000000
-0.00257232700000000
-0.00989998500000000
-0.00889407100000000
-0.00199972700000000
0.00627998000000000
0.0125428800000000
0.0133722900000000
0.0103952500000000
0.00254800400000000
0.000133934900000000
0.000292994400000000
0.00559782700000000
0.00469980900000000
-0.00617412200000000
-0.00746807200000000
-0.00655707900000000
-1.67716500000000e-05
-0.00173122700000000
-0.00595559800000000
0.00637148900000000
0.00154902300000000
-0.00624820300000000
-0.00914615500000000
-0.00199279800000000
0.00336895300000000
0.00726672700000000
0.00964992300000000
-0.00156796500000000
-0.0139209200000000
-0.0141006000000000
0.000315854900000000
0.00916971200000000
0.00191309900000000
0.00132726400000000
0.000607066600000000
0.00228409800000000
0.0136743300000000
0.00858101100000000
-0.00843287400000000
-0.0172407100000000
0.00432420000000000
0.0117177300000000
-0.000377763400000000
0.00617392800000000
0.0145888000000000
0.00105252500000000
-0.0126761500000000
-0.00388797900000000
0.00955351900000000
0.0135014200000000
-0.00373715500000000
-0.0102874200000000
0.00349517100000000
0.00642437200000000
0.000234415000000000
0.00717612100000000
0.00761070800000000
0.00122458900000000
-0.00444414700000000
-0.00887635600000000
0.00236807900000000
0.0117941800000000
0.00237578000000000
-0.00766399900000000
0.000764354600000000
0.00238223300000000
-0.000543240000000000
2.40475600000000e-05
-0.00146055400000000
-0.00361347700000000
-0.00536001700000000
-0.00364637100000000
0.00754882200000000
0.00873173600000000
0.00778372300000000
0.00790619700000000
-0.00653592000000000
-0.0153510000000000
-0.00426927000000000
0.00686599700000000
0.00834908300000000
0.00516674700000000
0.00468455400000000
0.00442575700000000
-0.00257966300000000
-0.00719543800000000
-0.00155291200000000
0.00400921000000000
0.000929951700000000
-0.0110992300000000
-0.00332189200000000
0.0111137400000000
0.00852149200000000
-0.00203809600000000
-0.00315841200000000
0.00126804300000000
0.00121042400000000
0.000592751900000000
0.00502321200000000
0.00557325300000000
-0.00464580000000000
-0.00451823400000000
0.00629806100000000
0.00652145600000000
0.00686155100000000
0.00337636400000000
-0.00609060100000000
0.00368471600000000
0.00721116800000000
0.00639984000000000
0.00726193600000000
-0.00104841300000000
-0.0110742000000000
-0.00922770700000000
0.00171369900000000
0.00960127100000000
0.0145206300000000
-0.00143239200000000
-0.0136394700000000
-0.000215797600000000
0.0101568900000000
0.0125441300000000
0.00412362200000000
-0.0104008600000000
-0.0168594400000000
-0.00973892000000000
-0.00650763700000000
-0.00809291700000000
-0.00476844900000000
0.00471869700000000
-0.00226236200000000
-0.00708715100000000
-0.000986763100000000
0.00696717100000000
0.0121092900000000
0.000210519200000000
-0.00782581900000000
-0.00574783200000000
-0.00824111900000000
-0.00525932700000000
0.00913115100000000
0.000908600500000000
-0.00635140800000000
-0.00542914100000000
-0.00529023800000000
-6.65467700000000e-06
0.00183126800000000
0.00201615900000000
0.00144760300000000
0.00153548600000000
-0.000502736100000000
-0.00211547700000000
0.00628978500000000
-0.000295374700000000
-0.0103578100000000
-0.00911339500000000
-0.000287722200000000
0.00464883300000000
0.00996121500000000
0.00932803400000000
-0.00468431200000000
-0.00467728300000000
-0.00567284600000000
-0.00375134600000000
0.0143125400000000
0.00619821000000000
-0.00649301800000000
-0.00700802000000000
-0.00600159900000000
0.00175177400000000
0.00280471200000000
0.00198670100000000
0.00218307300000000
0.00296327800000000
0.00280631800000000
-0.0101735200000000
-0.00867817500000000
0.00115580500000000
-0.0104834000000000
-0.00419453500000000
0.00888097500000000
-0.00130151700000000
-0.0159067600000000
-0.00439061600000000
0.00772721300000000
0.00569255600000000
-0.00783626300000000
-0.00676778200000000
-0.000347884500000000
-0.0107685000000000
-0.00804641700000000
-0.00506412200000000
-0.000564587900000000
0.00287788600000000
-0.0120656500000000
-0.0185541000000000
0.00476626700000000
0.0181795200000000
0.00793792600000000
-0.00288279800000000
-0.00577191400000000
0.00182145800000000
0.00960826100000000
0.00866733400000000
-0.00911924500000000
-0.0143518600000000
-0.00393766000000000
-0.00156705300000000
0.00188485700000000
0.00461779400000000
0.00799849900000000
1.11041200000000e-05
-0.00805987400000000
-0.00686092300000000
-0.00999389800000000
-0.00697765900000000
0.00571920000000000
-0.00700449000000000
-0.0101629200000000
0.00426427500000000
0.00222295100000000
-0.00812243100000000
-0.00195409700000000
0.00291794000000000
0.00801843900000000
0.00827038300000000
-0.00259484700000000
-0.00355550000000000
-0.00830101400000000
-0.0115860900000000
0.000835577100000000
0.00767070500000000
0.00832913400000000
0.00753035900000000
0.00216363200000000
0.00359631700000000
0.00932667800000000
0.0237831000000000
0.0291145600000000
0.0121803200000000
0.0107513600000000
0.0266757900000000
0.0244080600000000
0.0117357500000000
0.0229815100000000
0.0236971800000000
0.00678266400000000
0.00476171300000000
0.00596097700000000
0.00905521500000000
0.00364164100000000
-0.00826169700000000
-0.00602367800000000
0.00301790600000000
0.00373825000000000
0.000568688900000000
0.00201912700000000
0.00238254700000000
-0.00773734400000000
-8.28004600000000e-05
0.00581760100000000
-0.00893377000000000
-0.0169701500000000
-0.00383390800000000
0.00501695200000000
-0.00360903500000000
-0.0154265000000000
-0.00591472700000000
0.00339581700000000
-0.00451492500000000
-0.00885377000000000
-0.000549314000000000
0.00163825100000000
0.00142452100000000
-0.00320641600000000
-0.00888518800000000
-0.00345033600000000
0.00307700800000000
0.00283846600000000
0.000216637800000000
-0.000944512700000000
0.00104470800000000
0.000969497300000000
0.000309444900000000
0.000339601800000000
-9.81483200000000e-06
4.22929800000000e-05
-0.000583090100000000
0.000437716800000000
-0.00128432400000000
-0.00139551500000000
0.0137040400000000
0.0146457300000000
0.000505287900000000
-0.00302776600000000
0.00758064500000000
0.00645088400000000
-0.00345962100000000
8.99147900000000e-05
0.00394622600000000
0.00284703100000000
-0.00428263300000000
-0.00225044200000000
-0.00186167000000000
-0.00468162300000000
0.00405882500000000
0.0117930800000000
0.00228669800000000
-0.0105622800000000
0.000113453600000000
0.00923317800000000
0.00451406100000000
0.000385377900000000
-0.00226370300000000
0.000255754900000000
-0.00416736900000000
-0.00957115800000000
-0.00863456000000000
0.00191256000000000
0.00981855000000000
0.00522493200000000
-0.00941262800000000
-0.000267156400000000
0.00731822200000000
0.000912358400000000
-0.000984263900000000
-0.00221067500000000
-0.00394289100000000
-0.00630504700000000
-0.00599310800000000
0.00257300700000000
0.00556111200000000
0.00138044800000000
-0.00710310300000000
-0.00305630300000000
0.00429690600000000
0.00182165700000000
-0.00801648200000000
0.00374983900000000
0.00335696500000000
-0.0121981200000000
-0.00191962000000000
0.00101623800000000
0.000252994600000000
0.00163836400000000
0.00149801300000000
0.00470694200000000
-0.00104281200000000
-0.00784974300000000
-0.00119259800000000
0.00567484400000000
0.00589689800000000
0.00160917300000000
-0.00227915100000000
-0.00714154500000000
-0.00695914200000000
-0.00131332900000000
0.00224164900000000
0.000316516500000000
-0.00907972200000000
-0.000680020000000000
0.00922502300000000
0.00781587800000000
0.00162038700000000
-0.00224124300000000
-0.00583717100000000
-0.00425930800000000
-0.00550509000000000
-0.00426875100000000
0.0113362400000000
0.000761080700000000
-0.0159523500000000
-0.00264568500000000
0.00802590400000000
0.00324255300000000
-0.00778688900000000
-0.00986548300000000
-0.00116539900000000
-0.000547940200000000
0.00318703100000000
0.00405191000000000
-0.00327040300000000
-0.000717432200000000
0.00482473500000000
-0.000461933700000000
-0.00830368200000000
-0.00917676100000000
0.000223612400000000
-0.00641389200000000
-0.0116162400000000
0.00105612800000000
0.00539571400000000
-0.00246598200000000
-0.00956620900000000
-0.0119011600000000
-0.00147384000000000
0.00833926300000000
0.00710304900000000
-0.00287766600000000
-0.0102625900000000
-0.000590291200000000
-0.00470490400000000
-0.00819082500000000
-0.000131456200000000
-0.00149678800000000
-0.00383919400000000
0.00437941700000000
0.00575206500000000
0.00480088100000000
0.00303154700000000
0.00114948300000000
0.00831690100000000
0.00980388000000000
0.000177157400000000
-0.0117403200000000
-0.0150999700000000
-0.0109088800000000
-0.00165445200000000
0.000495106400000000
0.000516926200000000
0.000103374500000000
-0.00196535000000000
-0.00485807500000000
-0.0130073100000000
-0.0127635100000000
-0.00594607900000000
-0.00106923300000000
0.00342718100000000
-0.00244288500000000
-0.00189867500000000
0.0131447600000000
0.0129987900000000
0.00303432100000000
-0.00384991200000000
-0.00213990000000000
0.00409912100000000
-0.00215467400000000
0.000573404700000000
0.00435968600000000
-0.000464901400000000
0.00418682200000000
0.00534550700000000
0.000599494500000000
0.0198630400000000
-0.00197228600000000
-0.00865887500000000
-0.000425131100000000
0.00322363300000000
-0.00261389400000000
-0.00507793800000000
0.00158568800000000
0.00337983500000000
0.00480171200000000
0.00467743000000000
0.00461637100000000
0.00547793400000000
0.00431095500000000
0.00584932500000000
0.00322119800000000
-0.00575680500000000
0.00486858100000000
0.00827532300000000
0.00413814100000000
0.00212349800000000
0.000265707800000000
-0.00167552600000000
-0.00695665200000000
-0.00798965400000000
0.000706209300000000
0.00419111500000000
-0.000221436600000000
0.00797916300000000
0.00919199900000000
0.00601728000000000
0.00585923100000000
0.00436994700000000
0.00351504000000000
0.00266116700000000
0.00161431500000000
0.000789323400000000
0.000220130100000000
-0.00492096700000000
-0.0105175000000000
-0.00442090900000000
0.00603924900000000
0.00615653000000000
-0.000489308000000000
-0.00394479800000000
-0.00903240700000000
-0.0114243700000000
0.000477540900000000
0.00835116000000000
0.00796444200000000
0.00616214200000000
-0.00458194500000000
-0.00846798200000000
0.00165609500000000
0.0101187700000000
0.00925118300000000
-0.000475313900000000
-0.00441171500000000
-0.00311512800000000
-0.00112924900000000
-0.000141274500000000
0.000545689200000000
0.00520973900000000
0.00365153000000000
-0.00546871200000000
-0.000573112800000000
0.000475765300000000
0.00119722900000000
-0.000498025100000000
-0.0141436300000000
-0.00964994200000000
-0.00160989200000000
-0.00104267500000000
-0.00152129000000000
-0.000790900700000000
-0.00236291700000000
-0.00833076600000000
-0.00309849900000000
0.00217828600000000
0.00197879200000000
0.00564793100000000
0.00517284200000000
-0.00501190500000000
-0.0106624400000000
-0.0116885700000000
-0.00179238100000000
0.00312348100000000
0.00365527200000000
0.00465897200000000
0.00422062600000000
0.00451209400000000
0.00322309700000000
-0.00261969600000000
-0.00531505700000000
-0.00761983600000000
-0.0136416100000000
-0.0156793900000000
-0.0140862600000000
-0.00410245300000000
-0.000895905800000000
-0.000820062700000000
-0.00168772200000000
-0.00497429600000000
0.000284002000000000
0.00191347500000000
0.000598416800000000
0.00100740600000000
0.00569322400000000
0.00765001200000000
0.00155239900000000
0.00298396900000000
0.00263269900000000
-0.00802743300000000
-0.000240045600000000
0.00615664500000000
0.00632419500000000
0.00613206600000000
-0.00535753300000000
-0.0130922400000000
-0.00186282500000000
0.00299167100000000
-0.0112905600000000
-0.0118200300000000
0.00195052000000000
0.00525413800000000
-0.00169309500000000
-0.00402013000000000
-5.31597500000000e-06
0.000588958400000000
0.00120483600000000
-0.00114654900000000
0.00224622000000000
0.00426769500000000
-0.00525668400000000
0.00820440000000000
0.00304241000000000
0.000706940200000000
0.0142713800000000
0.0105335200000000
-0.000980470200000000
-0.0107675500000000
-0.0117277300000000
-0.00685496000000000
-0.00622390300000000
-0.00728589700000000
-0.00372659400000000
0.00254966200000000
0.00561382200000000
0.000423072800000000
-0.0128254900000000
-0.00448055900000000
0.00220142000000000
0.00711753300000000
0.0161847600000000
0.0101928700000000
-0.00294390000000000
-0.00758762800000000
0.00581044200000000
0.00703852900000000
-0.00233515200000000
-0.00315397500000000
-0.00282132000000000
-0.00709633600000000
-0.00447368600000000
0.00265507600000000
0.0125085300000000
0.0110992600000000
-0.00645708700000000
-0.00780933800000000
0.0146317400000000
0.00798850400000000
-0.00121784400000000
0.00427265800000000
0.00523041300000000
-0.0104330900000000
-0.0183433300000000
-0.00312761000000000
0.00409965700000000
0.00697197800000000
0.00816360800000000
0.00103820800000000
-0.0102872900000000
-0.0159051300000000
-0.00429567000000000
0.0116233200000000
0.00193404000000000
-0.0131645400000000
-0.0126575400000000
-0.00352495200000000
0.00659445300000000
0.0118273800000000
0.00498498900000000
-0.00362428800000000
-0.00852088700000000
-0.00780776900000000
-0.000264394600000000
0.00193152500000000
0.00332711900000000
-0.000180942600000000
-0.00428967000000000
0.00365572500000000
0.0129672000000000
0.0166753900000000
0.0152279100000000
0.0103963000000000
0.00879982800000000
-0.000923016200000000
-0.00245825800000000
0.00925074200000000
0.00863313400000000
0.00368681500000000
0.00121701800000000
-0.00412786800000000
0.00404724200000000
0.00528509600000000
-0.00434440300000000
-0.00507971400000000
-0.000142682100000000
0.00117453200000000
0.000593376700000000
0.00124245200000000
0.00149863200000000
-0.00124937600000000
-0.00248818500000000
-0.00183260100000000
0.00601740900000000
0.00535290700000000
-0.00433150700000000
-0.00141842900000000
0.00210605500000000
0.00302080500000000
0.00397189200000000
-0.00378504800000000
-0.00893233100000000
2.08738800000000e-05
0.00533951400000000
0.00450138000000000
0.00565196900000000
0.00461512600000000
-0.00326446100000000
-0.00426177800000000
-0.00506844000000000
-0.00509211100000000
0.000141744000000000
-0.0101902200000000
-0.0111880800000000
0.00861566000000000
0.00909995600000000
0.00102038000000000
0.00944454900000000
0.0155772200000000
0.00701192400000000
-0.00323239400000000
-0.00335592500000000
-0.00481996100000000
-0.00395164200000000
0.0104030900000000
0.00392733300000000
-0.00464499800000000
0.00914908800000000
0.000779148000000000
-0.0120862700000000
-0.00493821300000000
-0.00296358000000000
-0.00463099400000000
-0.00338725300000000
0.00648245300000000
0.0148965800000000
0.0111997400000000
0.00185851100000000
-0.00609597000000000
-0.00595754700000000
0.00749229400000000
0.00809230000000000
-0.00353459100000000
-0.00465171100000000
-0.000107915200000000
-0.00763500900000000
-0.00919660100000000
-0.000442444800000000
0.00210859600000000
0.00270772300000000
0.00254644200000000
0.00270073400000000
0.00223396500000000
-0.00470021600000000
-0.00527348100000000
0.00621014400000000
0.0168773600000000
0.00721806200000000
-0.0105003800000000
-0.00671880300000000
-0.00196345700000000
-0.00649180600000000
-0.0154937600000000
-0.0163979000000000
-0.00427903300000000
0.00513456100000000
0.00867441000000000
0.00517931200000000
-0.000799565700000000
-0.00612371800000000
-0.00762503300000000
0.00586150700000000
0.0133446600000000
0.00626079900000000
-0.000829122700000000
0.00723983500000000
0.0130323800000000
-0.00470256200000000
-0.0149686000000000
-0.00794936800000000
-0.00707609400000000
-0.00439774800000000
-0.00312738500000000
-0.00522799300000000
-0.00484301000000000
-0.00702138700000000
-0.00543135500000000
0.00774989800000000
0.0129876800000000
0.0102273500000000
-0.000170512800000000
-0.00326725400000000
-0.00295202700000000
-0.00404666200000000
-0.00418471400000000
-0.00411146600000000
-0.00555577300000000
-0.00732105300000000
-0.00438907100000000
0.00172618000000000
0.0113237400000000
0.0151717800000000
0.00646571300000000
-0.00684024300000000
-0.0139935300000000
-0.0117496800000000
-0.00143366500000000
0.00158645300000000
0.000513921000000000
-0.00491282400000000
0.00408716300000000
0.00437483000000000
-0.00240838600000000
0.00919080600000000
0.00657727300000000
-0.00312429000000000
-0.0100007500000000
-0.00379689600000000
0.00637238500000000
0.00470495900000000
-0.00248503300000000
0.00341816900000000
0.0110524700000000
0.00701106400000000
-0.00630926700000000
-0.00538668200000000
0.00236952000000000
0.00445300600000000
0.00429254400000000
0.00453885200000000
0.00259897000000000
-0.00406966100000000
-0.00610288400000000
-0.00537214500000000
-0.00325004800000000
-0.000444882300000000
0.00553947200000000
0.00878745900000000
0.00794857200000000
0.00727959300000000
0.00483204100000000
-0.00348044500000000
-0.00679519900000000
0.000142138100000000
-0.00287422000000000
-0.0218601500000000
-0.00857111000000000
0.00767294700000000
0.00291639700000000
0.00355301800000000
0.00316561000000000
-0.00320871900000000
-0.00377496200000000
-0.00449040600000000
-0.00525072200000000
-0.00502842500000000
-0.00493081000000000
0.000821186500000000
0.00909800200000000
0.0125708200000000
0.00748332300000000
-0.00242522400000000
-0.00408110900000000
-0.00329665000000000
-0.00351927400000000
-0.00353507000000000
-0.00347753300000000
-0.00463764600000000
-0.00313197800000000
-0.00623961000000000
-0.0147273800000000
-0.00102320100000000
0.00763070600000000
-0.00116321500000000
-0.0112394800000000
-0.0137331200000000
-0.0135437600000000
-0.00782908000000000
-0.00168777200000000
0.00366856000000000
0.00397876900000000
0.00224848000000000
0.00884364800000000
0.0104736700000000
0.00670630300000000
0.00362597600000000
-0.000553556800000000
-0.0193270100000000
-0.0210550700000000
-0.00160785300000000
0.0122544600000000
0.0119897400000000
0.00513471700000000
0.000729269400000000
-0.000320956300000000
0.00399264100000000
0.00656281600000000
0.00724506300000000
0.00821867400000000
0.00332628000000000
-0.00774564000000000
-0.00825299600000000
0.00177025300000000
0.00348571500000000
0.00279049900000000
0.00354529400000000
0.00385406100000000
-0.00387336100000000
-0.00827719800000000
-0.000626440000000000
0.00264782000000000
0.00457853300000000
0.00179406500000000
0.00373305900000000
0.00556477700000000
0.00488602200000000
0.00158375000000000
-0.000426806800000000
-0.000874625700000000
-0.00289148100000000
-0.00231210000000000
-0.000417733100000000
-0.00349174200000000
-0.00477947300000000
-0.00539429400000000
-0.00859807600000000
-0.0100382600000000
-0.0101961000000000
-0.00293113500000000
0.00463219600000000
2.31904900000000e-05
-0.00762446300000000
-0.00384906000000000
0.00151384100000000
0.00451765500000000
0.00330978600000000
-0.00263708300000000
0.000832114100000000
-0.00297455600000000
-0.00401180500000000
0.00311144500000000
0.00426613400000000
0.00932895800000000
0.0119131000000000
0.00292752800000000
-0.00267584800000000
-0.00369240900000000
-0.00409168500000000
0.00122526000000000
0.00585611600000000
0.00672932900000000
0.00523521200000000
-0.00300192300000000
-0.00364806100000000
-0.000303737400000000
-3.71818300000000e-05
0.00495998300000000
0.00643913400000000
0.00624131300000000
0.00695139700000000
-0.000250513500000000
-0.00380297900000000
0.00725849700000000
0.00849583800000000
0.00419574400000000
-0.00280916900000000
-0.00587860400000000
0.00449412100000000
0.00634295300000000
0.00417389800000000
0.00620003100000000
0.00404158400000000
-0.00567852900000000
-0.00331045000000000
-0.00164671200000000
-0.00215802400000000
0.00441665300000000
0.00929773300000000
0.00897626600000000
0.000984113100000000
-0.000688058000000000
0.00529648200000000
0.000364238800000000
0.000637250300000000
0.00646348300000000
0.00499810900000000
-0.00286467700000000
-0.00558413200000000
-0.00422368300000000
0.00224835700000000
0.00368982000000000
0.00507974100000000
0.00896760400000000
0.00656824400000000
-0.00298205000000000
-0.00511401800000000
-0.00528358100000000
-0.0101310700000000
-0.0103096900000000
-0.00143575200000000
0.00294031600000000
0.00338969500000000
0.00356393000000000
0.00412981900000000
0.00359691300000000
-0.000460913700000000
-0.00245054800000000
-0.00145293900000000
0.00782630200000000
0.0133988600000000
0.0124652000000000
0.0129534700000000
0.00788832700000000
0.00285949800000000
0.0111713800000000
0.00544866400000000
5.46392700000000e-06
0.0123050800000000
0.0119425800000000
0.00321249000000000
0.00990695500000000
0.00691242700000000
-0.00496713300000000
-0.00631914700000000
-0.00455552200000000
0.00103172500000000
0.00555313000000000
0.00376889300000000
-0.000264359900000000
0.00192321000000000
0.00243734600000000
0.00222397600000000
-0.00151282800000000
-0.00501597700000000
0.00193364400000000
0.00562090200000000
-0.00212234900000000
-0.00841600800000000
0.00131455900000000
0.00321126300000000
0.000152598100000000
-0.00492323000000000
-0.00445217900000000
0.00685270200000000
0.00688810400000000
0.000225799400000000
-0.0107246700000000
-0.0219365100000000
-0.0118475900000000
-0.00421560100000000
-0.00433700300000000
-0.000879282300000000
0.00107450700000000
0.00430300700000000
0.00589446500000000
0.00622662500000000
0.00875506100000000
0.00868119000000000
0.00292459800000000
0.000210092400000000
-0.00172844300000000
-0.00130112300000000
0.00356532700000000
-0.000564474800000000
-0.00303414900000000
-0.00141169500000000
-0.00330658200000000
-0.00247398400000000
0.00498491000000000
-0.000895631200000000
-0.00456151900000000
-0.00540400600000000
-0.00688978800000000
0.00514279300000000
0.0114205300000000
0.00107472700000000
-0.00769539200000000
-0.00956180800000000
0.00165762400000000
0.0168504800000000
0.00997527300000000
-0.00492124500000000
-0.00590092000000000
0.000944390300000000
0.00668418200000000
0.00178634300000000
-0.00958672900000000
-0.00714549400000000
-0.00395478300000000
-0.00205466700000000
0.000645587600000000
0.00216440800000000
0.00114403500000000
-0.00551277900000000
-0.0119725500000000
-0.0120358000000000
-0.00690776700000000
-0.00278621600000000
-0.00280142300000000
-0.0118659100000000
-0.0142245100000000
-0.0187332800000000
-0.0203166000000000
-0.00407206400000000
0.00967388300000000
0.00602453500000000
-0.00383523800000000
-0.00527698100000000
0.00398545100000000
0.00474274000000000
-0.00464033600000000
-0.00568481700000000
0.00195491300000000
0.00129880600000000
-0.00444583200000000
-0.00666806500000000
-0.00941625000000000
-0.0101342800000000
-0.00285094100000000
-0.00821238500000000
-0.0211458100000000
-0.0234146700000000
-0.0213274800000000
-0.00966949300000000
-0.00568081500000000
-0.00586152400000000
-0.00577568400000000
-0.00475240800000000
-0.00162327500000000
-0.00156301600000000
0.00422472500000000
0.00610788000000000
0.00282928000000000
-0.00174129600000000
0.000866504400000000
0.00259366200000000
-0.00141384700000000
-0.00770141800000000
-0.00524584900000000
-0.00328266600000000
-0.000237804100000000
0.00745702500000000
0.00113724400000000
-0.00826898000000000
-0.0107172600000000
-0.00166409200000000
0.00223871500000000
0.00263921900000000
0.00382796200000000
0.00448091900000000
0.00470789700000000
0.00636028800000000
0.0101017000000000
0.0122130400000000
0.0105275900000000
0.00108257900000000
-0.00216888800000000
-0.00484129300000000
-0.0114986500000000
-0.0210385900000000
-0.0240613400000000
-0.0172108400000000
-0.00964724600000000
-0.00145810700000000
0.000886892600000000
-0.00850898100000000
-0.0115214300000000
-0.0104046600000000
-0.00334066900000000
0.00786030400000000
0.00856627500000000
-0.000570787800000000
-0.00614854700000000
-0.00169235300000000
0.00261099900000000
0.00481955100000000
0.00128779200000000
-0.00656116200000000
-0.00753323700000000
-0.00836021600000000
-0.00775881800000000
0.00369527500000000
0.0102378900000000
0.00813788400000000
0.000651091500000000
-0.00514828100000000
-0.00554144800000000
-0.00748328000000000
-0.00654209600000000
0.00905430400000000
0.0171613300000000
0.0165554600000000
0.0157440700000000
0.00504030800000000
-0.00139048800000000
-0.00532748700000000
-0.0168534700000000
-0.0107740800000000
-0.00907687100000000
-0.0145802100000000
-0.0158773800000000
-0.00376235800000000
0.0199734400000000
0.0222259000000000
0.0150463100000000
0.00406470500000000
-0.00567041100000000
-0.00658631600000000
-0.00677008600000000
-0.00858648600000000
-0.00846091600000000
-0.00277507500000000
0.00371886900000000
0.00955253100000000
0.00914657800000000
0.00747493800000000
0.00531797100000000
4.52193900000000e-05
-0.00252578900000000
-0.00291257100000000
0.00209690800000000
0.00967073400000000
0.0110793700000000
0.0110083500000000
0.0114010600000000
0.0115492600000000
0.0108552300000000
0.0116350100000000
0.0101490600000000
0.00119971900000000
-0.00487840600000000
-0.00593571100000000
0.00340800000000000
0.0111195900000000
0.0117381400000000
0.0114216800000000
0.00756318800000000
0.00679109100000000
0.0107105300000000
0.00510996100000000
0.000534746700000000
-0.000288143200000000
-0.00489898700000000
-0.00373925400000000
0.0149626000000000
0.0173015400000000
0.0105858200000000
0.00814446400000000
0.00488966100000000
0.00333818200000000
0.00227011200000000
0.00146801200000000
-0.00265385000000000
-0.00263724900000000
0.0102039300000000
0.0129262000000000
0.00680749300000000
0.00310744000000000
-0.000106708800000000
-0.00286512100000000
-0.00533328600000000
-0.00770665500000000
-0.00904919700000000
-0.00686765700000000
-0.00628909700000000
-0.00659953200000000
0.000269388000000000
0.00981943200000000
0.0143107700000000
0.0138460600000000
0.00742705200000000
0.00125199000000000
-0.00982238700000000
-0.0123993200000000
-0.00274150100000000
0.00560308400000000
0.00979091600000000
0.0108289900000000
0.0102184700000000
0.0110028500000000
0.00950260300000000
0.00220247800000000
-0.00194014300000000
-0.00365103100000000
-0.00372901500000000
-0.00894075600000000
-0.0129972400000000
-0.00910820800000000
0.00136082800000000
0.00646621400000000
0.00909073100000000
0.00128162600000000
-0.00318418900000000
-0.00300315000000000
-0.00749634300000000
-0.00680304900000000
0.00935260800000000
0.0122929900000000
0.00329637700000000
-0.00674011000000000
-0.00317748100000000
0.00799986300000000
0.00707650600000000
0.00181169800000000
2.64423000000000e-05
0.00192875500000000
0.00411035200000000
0.00629286200000000
0.00772691600000000
0.00874627000000000
0.00657699100000000
0.000857799200000000
-0.000739308400000000
-0.000111367300000000
0.00195356700000000
0.00333574200000000
0.00717346600000000
0.00769406000000000
0.000723161800000000
-0.00451587000000000
-0.00605062700000000
-0.00621828800000000
-0.000575130000000000
0.00440939000000000
0.000459081500000000
-0.00945483500000000
-0.00961885700000000
-0.00318975600000000
0.00205443700000000
0.00416316300000000
0.00299606600000000
-0.00556745300000000
-0.00769723900000000
0.000290406700000000
0.00243611300000000
-0.00292278500000000
-0.00509284900000000
0.00405278000000000
0.0119410500000000
0.00767005800000000
0.00453493000000000
0.00370648600000000
0.00634631900000000
0.00708544800000000
0.00626908600000000
0.00662585200000000
0.00605586900000000
-0.000465961900000000
-0.00708342700000000
-0.00864482300000000
-0.00857160600000000
-0.00990037400000000
-0.00969160800000000
-0.00295681400000000
-0.00248090500000000
-0.00175330600000000
0.00440093500000000
0.00406569900000000
-0.00220079200000000
-0.00498783400000000
-0.00570012700000000
-0.00621058300000000
-0.00734506100000000
-0.00723573600000000
-0.000843638900000000
0.00340782400000000
0.00442933900000000
0.00582050600000000
0.00123883500000000
0.000450215200000000
0.00790684200000000
0.00840584800000000
0.00312660500000000
-0.00475446800000000
-0.00590884300000000
0.00110774400000000
0.00134829100000000
0.00154266100000000
0.000764334000000000
-0.00508729100000000
-0.00115123200000000
0.00517587600000000
0.00442054000000000
-0.00131500500000000
-0.00325306900000000
-0.00372411500000000
-0.00487148000000000
-0.00545734300000000
-0.00778103300000000
-0.00740717600000000
-0.00503088000000000
-0.00364860300000000
0.000280915900000000
-0.00107266100000000
-0.00290942100000000
-0.00521783900000000
-0.0108922700000000
-0.00117235500000000
-0.000575748100000000
-0.0120888600000000
-0.00101804900000000
-0.00488080400000000
-0.00917799200000000
0.000588460700000000
0.00863101700000000
0.0117552500000000
0.00947259400000000
0.000468834400000000
-0.00723413400000000
-0.00596613200000000
0.00973564900000000
0.0169060600000000
0.0141960000000000
0.00811634800000000
0.00193065400000000
-0.000277602200000000
-0.00299106800000000
-0.0130586300000000
-0.0140803600000000
-0.00581943200000000
-0.00260652800000000
-0.00601045300000000
-0.00440263500000000
0.00280258100000000
0.000904596300000000
-0.00798921000000000
-0.0116711500000000
-0.0123628200000000
-0.00917410500000000
-0.00803257400000000
-0.00653453500000000
0.00569318700000000
0.00655748900000000
-0.00133378500000000
-0.00854297400000000
-0.00936331800000000
0.00293689300000000
0.00876561700000000
0.00476296900000000
0.00197877400000000
0.00258022200000000
0.00904230300000000
0.0100659400000000
0.00317954700000000
-0.00230435600000000
-0.00433430100000000
-0.00237987200000000
0.00302235600000000
-0.00355225400000000
-0.00599268700000000
-0.00514750800000000
-0.00606846700000000
-0.00740278100000000
-0.00536443600000000
0.00126344000000000
0.00312053400000000
0.00287000700000000
0.00247185500000000
-0.000580094500000000
-0.00493163100000000
-0.00362122900000000
-0.00125110500000000
-0.000688455700000000
-0.000805043300000000
-0.00641587100000000
-0.00556258800000000
0.00237763800000000
0.00421338400000000
0.00281795000000000
-0.00538926100000000
-0.00748116700000000
-0.00561320800000000
-0.00692261500000000
-0.00512634700000000
0.00825890500000000
0.00967944000000000
0.000439374500000000
-0.00482612800000000
-0.00585850200000000
-3.18890900000000e-05
0.00367664000000000
0.00461305700000000
0.00352941500000000
-0.00387692200000000
-0.00488300900000000
-0.00520784400000000
-0.00403323900000000
-0.00612602100000000
-0.0137446700000000
-0.00341172100000000
-0.00137024000000000
-0.00289696000000000
0.00160353500000000
0.00189268400000000
0.000962842500000000
0.00264616600000000
0.00251907400000000
-0.00869113500000000
-0.00932610100000000
0.00522064000000000
0.0103301000000000
0.00363846500000000
-0.00451008600000000
-0.00606851800000000
-0.00690506300000000
-0.000971263400000000
0.00304768600000000
-0.00395014100000000
-0.00729794900000000
-0.00407375200000000
0.00285061900000000
-0.00268876000000000
0.00204880900000000
0.00575346000000000
-0.000187390000000000
-0.00348385200000000
-0.00575230600000000
-0.00640772200000000
-0.00596769800000000
-0.00710928600000000
-0.00496556700000000
0.00414176200000000
0.00599851500000000
0.00427715400000000
-0.000208331700000000
-0.00235700700000000
-0.00104720500000000
-0.00381866400000000
-0.0108430200000000
-0.00654368100000000
-0.00537350800000000
0.00327728800000000
0.00144977400000000
-0.0145103200000000
0.00217521200000000
0.00689546800000000
0.00250991100000000
0.00491203800000000
0.00166138400000000
-0.00624123800000000
-0.00438331000000000
-0.00138931000000000
0.00218688200000000
0.00498676200000000
0.00105914900000000
-0.00936831600000000
-0.00503134500000000
-0.00202418800000000
-0.00104022600000000
0.000451057200000000
-2.69624100000000e-06
5.31069200000000e-05
0.000301501800000000
0.000768416400000000
0.00201295000000000
0.00844794200000000
0.00809395000000000
-0.00317593600000000
-0.00410390000000000
0.00563882300000000
0.0105764200000000
0.00884019200000000
0.00257332100000000
-0.000390479200000000
0.0102427300000000
0.00838390700000000
-0.000719445200000000
0.00613210900000000
0.00131783700000000
-0.00315485800000000
-0.00535300900000000
-0.000670769700000000
0.0102314200000000
0.00663114500000000
-0.000324210900000000
0.0123208900000000
0.00920795100000000
0.00561684300000000
0.00617309900000000
0.00464716700000000
0.00285798500000000
-0.00134021400000000
0.000872344200000000
0.00240366200000000
0.00124800100000000
0.00335937200000000
0.00829894300000000
-0.000123867000000000
-5.21303000000000e-05
0.0103852100000000
0.00399366300000000
0.00183985600000000
0.00318192900000000
0.00231149800000000
0.00290217900000000
0.00227674500000000
0.00288530800000000
0.00664713700000000
0.00680963900000000
0.00611837200000000
0.00623764000000000
0.00572503100000000
0.00589471500000000
0.00546289300000000
0.00463868000000000
0.00379525300000000
-0.00282687700000000
-0.00400212500000000
0.00353400800000000
0.00401641200000000
0.00369094000000000
0.00502381000000000
0.00506668900000000
0.00478616300000000
0.00492933500000000
0.00294665400000000
-0.00270322000000000
-0.00333618100000000
-0.00403044100000000
-0.00302407300000000
0.00492386900000000
0.00694749400000000
0.00567035500000000
0.00169948700000000
-0.000304669100000000
-0.00439480900000000
-0.00460594700000000
0.00205666000000000
0.00495714700000000
0.00311709800000000
0.000842592900000000
0.00372849900000000
0.00500440400000000
0.00354579900000000
-0.00224511700000000
-0.00385237000000000
-0.00404304700000000
-0.00445526800000000
-0.000149485600000000
0.00314596700000000
0.00347877500000000
0.00172252500000000
-0.00302547400000000
-0.00442478900000000
-0.00338009000000000
-0.000171461700000000
-5.67816300000000e-05
5.19678900000000e-06
-0.000698139600000000
-0.00378536000000000
-0.000646502200000000
0.00115667600000000
-0.000805361800000000
-0.00309701300000000
-0.00368501600000000
-0.00351976300000000
-0.00403864400000000
-0.00367391100000000
-0.000691988900000000
0.000187431500000000
-0.000193201900000000
-0.000280518400000000
-0.000167139400000000
-0.00182388400000000
-0.00671913400000000
-0.00655466900000000
-0.00345702400000000
-0.00285944100000000
-0.00239785300000000
-0.00183669300000000
0.000475326800000000
0.000740792900000000
-0.000151043900000000
-0.000113244500000000
-0.000458563400000000
-7.41430800000000e-05
-0.00142511600000000
-0.00286612900000000
-0.000363377100000000
-0.00232693100000000
-0.00301935700000000
-0.00124632100000000
-0.00112204200000000
-0.00107575300000000
-0.000897449200000000
-0.000674501500000000
-0.000596092500000000
-0.000633698000000000
-0.000800907100000000
-0.000696065500000000
-0.000869527700000000
-0.00229458400000000
-0.00369661700000000
-0.00336395100000000
-0.00128799700000000
-0.000632259400000000
-0.000956051900000000
-0.000850569700000000
-7.85388700000000e-05
-6.37320700000000e-05
-0.000224457200000000
-0.000180468100000000
-0.000239862600000000
-0.000245739400000000
-0.000300047600000000
-0.000302925000000000
-0.000356775800000000
-0.000739248500000000
-0.00114794100000000
-0.00103154300000000
-0.000493523700000000
-0.000298026300000000
-0.000424254900000000
-0.000748120200000000
-0.000323828400000000
-5.05772300000000e-05
-0.000493864100000000
-0.000553677600000000
-0.000445289600000000
-0.000292583600000000
-0.000316425400000000
-0.000332896200000000
-0.000250641200000000
-0.000155679700000000
-0.000104584800000000
2.27086900000000e-05
8.91700700000000e-05
-1.21103200000000e-05
-3.95253000000000e-05
-2.10537700000000e-05
-1.59444400000000e-05
7.93347500000000e-06
2.06776600000000e-05
5.02652800000000e-05
0.000117941100000000
0.000130517700000000
0.000125853300000000
0.000134865400000000
0.000132571600000000
0.000132952300000000
0.000162730200000000
0.000163742000000000
0.000161423100000000
0.000177865700000000
0.000197637700000000
0.000206194000000000
0.000210836000000000
0.000215068800000000
0.000221901300000000
0.000229985800000000
0.000237425500000000
0.000243242500000000
0.000248426200000000
0.000253190000000000
0.000257577300000000
0.000261718400000000
0.000265533700000000
0.000269050300000000
0.000272227000000000
0.000275075800000000