-0.000951466000000000
-0.000947037500000000
-0.000938406500000000
-0.000934125400000000
-0.000940777800000000
-0.000961040000000000
-0.000995910800000000
-0.00104279200000000
-0.00108636600000000
-0.00110244500000000
-0.00106929300000000
-0.000979336700000000
-0.000850606000000000
-0.000723915500000000
-0.000622401900000000
-0.000537115200000000
-0.000439931500000000
-0.000316566300000000
-0.000162447100000000
1.45974400000000e-05
0.000190989500000000
0.000327825000000000
0.000388073900000000
0.000365277200000000
0.000276557800000000
9.39967200000000e-05
-0.000192825100000000
-0.000504767400000000
-0.000697349200000000
-0.000713427600000000
-0.000640341900000000
-0.000573019100000000
-0.000527157300000000
-0.000485705600000000
-0.000440478100000000
-0.000432938600000000
-0.000528213400000000
-0.000746055000000000
-0.00101066800000000
-0.00122493000000000
-0.00131191100000000
-0.00126644500000000
-0.00119763100000000
-0.00122331100000000
-0.00135607900000000
-0.00147416900000000
-0.00136564300000000
-0.000870847200000000
-3.87543600000000e-05
0.000885179400000000
0.00173817500000000
0.00238732200000000
0.00270815000000000
0.00264125300000000
0.00236537300000000
0.00233662800000000
0.00291163200000000
0.00410818800000000
0.00549851600000000
0.00667819000000000
0.00738926500000000
0.00752267000000000
0.00719040800000000
0.00662968900000000
0.00621010000000000
0.00603370800000000
0.00595008600000000
0.00575404400000000
0.00526677800000000
0.00439451500000000
0.00324516400000000
0.00209692800000000
0.00126567800000000
0.00107627500000000
0.00162058400000000
0.00253199400000000
0.00344214900000000
0.00421206400000000
0.00472798800000000
0.00484977000000000
0.00448796200000000
0.00370127200000000
0.00256896900000000
0.00104070100000000
-0.000715398500000000
-0.00227579700000000
-0.00322681400000000
-0.00331361300000000
-0.00254493600000000
-0.00114076000000000
0.000495551500000000
0.00234225000000000
0.00439072200000000
0.00628880500000000
0.00757595000000000
0.00799064700000000
0.00768237500000000
0.00686220600000000
0.00599163800000000
0.00523724400000000
0.00457543200000000
0.00400590100000000
0.00360679600000000
0.00343028500000000
0.00332682800000000
0.00305791100000000
0.00243448100000000
0.00145113300000000
0.000346840600000000
-0.000720007300000000
-0.00170780800000000
-0.00259513800000000
-0.00338979600000000
-0.00415045300000000
-0.00491292600000000
-0.00550784700000000
-0.00566017900000000
-0.00523737600000000
-0.00445579600000000
-0.00364250700000000
-0.00285625500000000
-0.00204036800000000
-0.00118311600000000
-0.000372386400000000
0.000216317500000000
0.000450366400000000
0.000418620200000000
0.000401912900000000
0.000712761500000000
0.00165091600000000
0.00326486700000000
0.00520746500000000
0.00730485900000000
0.00947883300000000
0.0114371100000000
0.0127643700000000
0.0133037100000000
0.0133053000000000
0.0128504700000000
0.0119221100000000
0.0104638600000000
0.00832818100000000
0.00568634800000000
0.00292113000000000
0.000278923600000000
-0.00198569400000000
-0.00361216600000000
-0.00456856100000000
-0.00499745600000000
-0.00483601400000000
-0.00421102400000000
-0.00344380300000000
-0.00272667600000000
-0.00230434200000000
-0.00244910900000000
-0.00315905500000000
-0.00400717400000000
-0.00470256000000000
-0.00498794600000000
-0.00461168500000000
-0.00364583900000000
-0.00253804700000000
-0.00132062800000000
0.000143910300000000
0.00173885200000000
0.00304952900000000
0.00371235400000000
0.00377566900000000
0.00381006800000000
0.00426988100000000
0.00519554600000000
0.00618918800000000
0.00663814500000000
0.00620785000000000
0.00510298400000000
0.00391019800000000
0.00288992500000000
0.00211218100000000
0.00158459800000000
0.00116411700000000
0.000621121200000000
-0.000221585700000000
-0.00139986900000000
-0.00264564300000000
-0.00336475900000000
-0.00316613500000000
-0.00226259400000000
-0.00125923500000000
-0.000331909100000000
0.000551252700000000
0.00133354100000000
0.00185234600000000
0.00190607200000000
0.00132925400000000
0.000256307300000000
-0.000755978800000000
-0.00117212000000000
-0.000644689900000000
0.000593901000000000
0.00160456000000000
0.00184009200000000
0.00133639100000000
0.000630669300000000
0.000176977300000000
0.000198904100000000
0.000720016500000000
0.00141327100000000
0.00178035100000000
0.00150143700000000
0.000609124100000000
-0.000476069700000000
-0.00148338700000000
-0.00232027800000000
-0.00288117600000000
-0.00304357500000000
-0.00268122600000000
-0.00194182700000000
-0.00114672000000000
-0.000506478500000000
-0.000223277900000000
-0.000451118300000000
-0.00108700000000000
-0.00188034100000000
-0.00290701200000000
-0.00426668700000000
-0.00570386700000000
-0.00664748800000000
-0.00653679200000000
-0.00530932400000000
-0.00355270400000000
-0.00148268800000000
0.000718043800000000
0.00272339600000000
0.00409918300000000
0.00445037800000000
0.00390680400000000
0.00303038400000000
0.00201237800000000
0.000991657100000000
0.000227316200000000
-0.000180625400000000
-0.000269211800000000
3.96889400000000e-05
0.000702141900000000
0.00150451800000000
0.00247772300000000
0.00365394900000000
0.00482829000000000
0.00558651700000000
0.00548740900000000
0.00447668900000000
0.00312037400000000
0.00181926500000000
0.000761148800000000
0.000133732600000000
6.55650800000000e-05
0.000515384200000000
0.00111354000000000
0.00157657400000000
0.00176645000000000
0.00163375800000000
0.00130845500000000
0.000959590500000000
0.000617430800000000
0.000296493400000000
9.10423000000000e-05
0.000127770400000000
0.000442947700000000
0.000896593200000000
0.00141674200000000
0.00209770400000000
0.00301750300000000
0.00407185000000000
0.00500998100000000
0.00552001300000000
0.00538086800000000
0.00472088300000000
0.00393196000000000
0.00309947700000000
0.00218756000000000
0.00123580200000000
0.000259970300000000
-0.000799237400000000
-0.00201689000000000
-0.00336261500000000
-0.00458293700000000
-0.00520594800000000
-0.00480416700000000
-0.00353932900000000
-0.00232002700000000
-0.00166239300000000
-0.00162717400000000
-0.00191601700000000
-0.00214179600000000
-0.00226388200000000
-0.00243224500000000
-0.00283403700000000
-0.00356275900000000
-0.00453954100000000
-0.00564281500000000
-0.00672488200000000
-0.00747598600000000
-0.00748120300000000
-0.00655570400000000
-0.00504885300000000
-0.00339401000000000
-0.00186749800000000
-0.000666988400000000
0.000163552800000000
0.000799555400000000
0.00140468600000000
0.00185603000000000
0.00193230500000000
0.00158948400000000
0.00100327000000000
0.000131212800000000
-0.00104666000000000
-0.00222572300000000
-0.00292490800000000
-0.00267898400000000
-0.00147345300000000
3.70569800000000e-05
0.00139728600000000
0.00248281200000000
0.00329523700000000
0.00399843700000000
0.00479778800000000
0.00564003100000000
0.00626144500000000
0.00637714200000000
0.00591278000000000
0.00517140000000000
0.00443716200000000
0.00375979000000000
0.00308674100000000
0.00235892600000000
0.00154102600000000
0.000649072900000000
-0.000265007300000000
-0.00109281800000000
-0.00168688400000000
-0.00194642000000000
-0.00195949800000000
-0.00194129200000000
-0.00193303900000000
-0.00188615100000000
-0.00179802700000000
-0.00174307500000000
-0.00185720400000000
-0.00221376000000000
-0.00266363700000000
-0.00280264000000000
-0.00234414300000000
-0.00140224400000000
-0.000384381300000000
0.000521436900000000
0.00124279300000000
0.00172267300000000
0.00200402800000000
0.00221539100000000
0.00224407300000000
0.00178659600000000
0.000701302200000000
-0.000757138600000000
-0.00224400100000000
-0.00350912200000000
-0.00430828900000000
-0.00453225100000000
-0.00440584500000000
-0.00425336500000000
-0.00413296400000000
-0.00400684400000000
-0.00388851000000000
-0.00384586700000000
-0.00395122000000000
-0.00417624100000000
-0.00439503900000000
-0.00462923200000000
-0.00500527900000000
-0.00558807400000000
-0.00621385300000000
-0.00638773500000000
-0.00548183100000000
-0.00329216700000000
-0.000444618500000000
0.00236448700000000
0.00477929800000000
0.00651373200000000
0.00733914600000000
0.00704984000000000
0.00567614300000000
0.00391847500000000
0.00219044000000000
0.000548266400000000
-0.000922750000000000
-0.00207322000000000
-0.00268398400000000
-0.00232822200000000
-0.000970165300000000
0.000705817300000000
0.00233166600000000
0.00360770500000000
0.00409464500000000
0.00356693000000000
0.00238644300000000
0.00113500900000000
-3.04615600000000e-05
-0.00109483700000000
-0.00200036800000000
-0.00272376200000000
-0.00336564700000000
-0.00403633600000000
-0.00476279500000000
-0.00548351900000000
-0.00597429100000000
-0.00585341400000000
-0.00484562400000000
-0.00316263200000000
-0.00134901300000000
0.000531104300000000
0.00258545900000000
0.00465415400000000
0.00619334000000000
0.00646359500000000
0.00520169900000000
0.00312253700000000
0.00102178900000000
-0.000747154000000000
-0.00194089200000000
-0.00246982900000000
-0.00262058500000000
-0.00278625700000000
-0.00302530500000000
-0.00326452200000000
-0.00345516400000000
-0.00358746900000000
-0.00367975000000000
-0.00375973900000000
-0.00385662700000000
-0.00399675400000000
-0.00418496200000000
-0.00437230600000000
-0.00443434200000000
-0.00421170400000000
-0.00364916300000000
-0.00290341900000000
-0.00215658800000000
-0.00164495800000000
-0.00168568900000000
-0.00245120600000000
-0.00370001200000000
-0.00502514700000000
-0.00625794700000000
-0.00723950900000000
-0.00770970400000000
-0.00743240400000000
-0.00619300000000000
-0.00400457800000000
-0.00152223800000000
0.000660798600000000
0.00217240600000000
0.00285886900000000
0.00288833800000000
0.00225762500000000
0.00121070200000000
0.000128744100000000
-0.000961315200000000
-0.00217119600000000
-0.00354089700000000
-0.00493624500000000
-0.00601358100000000
-0.00636213100000000
-0.00586230700000000
-0.00494471100000000
-0.00405032100000000
-0.00331453400000000
-0.00274932600000000
-0.00229055600000000
-0.00180551600000000
-0.00127555200000000
-0.000742110400000000
-0.000228843300000000
0.000275798900000000
0.000814239200000000
0.00142277200000000
0.00209832700000000
0.00278293500000000
0.00332715600000000
0.00352926600000000
0.00330625800000000
0.00284678200000000
0.00242165600000000
0.00226000100000000
0.00256371800000000
0.00332879200000000
0.00425439900000000
0.00518031900000000
0.00591769500000000
0.00611997700000000
0.00551083400000000
0.00424874700000000
0.00287265000000000
0.00160052900000000
0.000510644400000000
-0.000301048300000000
-0.000853181700000000
-0.00133540100000000
-0.00183408500000000
-0.00232154200000000
-0.00278708300000000
-0.00326694700000000
-0.00383057600000000
-0.00450174200000000
-0.00519964000000000
-0.00573009100000000
-0.00582909400000000
-0.00532824300000000
-0.00439702800000000
-0.00336905100000000
-0.00212641600000000
-0.000381246700000000
0.00182721300000000
0.00394876600000000
0.00514788600000000
0.00465254000000000
0.00255366400000000
0.000108815400000000
-0.00203913000000000
-0.00358279500000000
-0.00422172600000000
-0.00407344800000000
-0.00373446900000000
-0.00328044200000000
-0.00258047000000000
-0.00172721300000000
-0.000828770200000000
-2.61276800000000e-05
0.000507296100000000
0.000582226000000000
7.76931200000000e-05
-0.000860890700000000
-0.00204238800000000
-0.00355345600000000
-0.00539353200000000
-0.00726252500000000
-0.00872446200000000
-0.00931099700000000
-0.00889132800000000
-0.00798136100000000
-0.00705801000000000
-0.00619440000000000
-0.00535474700000000
-0.00455582700000000
-0.00385502900000000
-0.00325824200000000
-0.00267351300000000
-0.00208664000000000
-0.00153171900000000
-0.00103798100000000
-0.000613690200000000
-0.000226545800000000
0.000159807900000000
0.000444494000000000
0.000403846500000000
-0.000130385800000000
-0.00104508600000000
-0.00201057400000000
-0.00292582700000000
-0.00380749400000000
-0.00463687200000000
-0.00532197600000000
-0.00563603800000000
-0.00530369800000000
-0.00437792400000000
-0.00334894600000000
-0.00236596400000000
-0.00135384000000000
-0.000265463400000000
0.000847418000000000
0.00179112700000000
0.00232921100000000
0.00239084400000000
0.00222058300000000
0.00204125100000000
0.00187235300000000
0.00167252900000000
0.00144988600000000
0.00129802100000000
0.00137136600000000
0.00176707600000000
0.00240942400000000
0.00317612900000000
0.00406150000000000
0.00497003400000000
0.00556835000000000
0.00538471800000000
0.00420127900000000
0.00247321700000000
0.000960936200000000
3.58823400000000e-06
-0.000503879700000000
-0.000983227500000000
-0.00162403000000000
-0.00241329700000000
-0.00323513800000000
-0.00383722200000000
-0.00389783500000000
-0.00323285700000000
-0.00206445100000000
-0.000828748300000000
0.000160859900000000
0.000573868800000000
0.000140793400000000
-0.00105717500000000
-0.00277718400000000
-0.00482208200000000
-0.00665580800000000
-0.00764240400000000
-0.00736837700000000
-0.00614668100000000
-0.00495410200000000
-0.00432628700000000
-0.00442272100000000
-0.00503735900000000
-0.00567323500000000
-0.00610335500000000
-0.00621097900000000
-0.00591344600000000
-0.00532562900000000
-0.00472295200000000
-0.00420871800000000
-0.00381101600000000
-0.00355624300000000
-0.00339735000000000
-0.00323273600000000
-0.00303688600000000
-0.00282954500000000
-0.00263555100000000
-0.00248490200000000
-0.00239040900000000
-0.00231780700000000
-0.00216034500000000
-0.00177276500000000
-0.00109237200000000
-0.000284671400000000
0.000316670800000000
0.000433236600000000
3.01128900000000e-05
-0.000573067300000000
-0.00105380500000000
-0.00113959700000000
-0.000612783900000000
0.000423006700000000
0.00149548900000000
0.00246683000000000
0.00343314100000000
0.00448605400000000
0.00563156900000000
0.00669144300000000
0.00729716700000000
0.00701039200000000
0.00581015700000000
0.00434076100000000
0.00311331500000000
0.00233323800000000
0.00198327800000000
0.00177870900000000
0.00152095000000000
0.00124317600000000
0.00103872500000000
0.000908850400000000
0.000707314400000000
0.000184502200000000
-0.000810264400000000
-0.00209295400000000
-0.00319513100000000
-0.00364420200000000
-0.00315043500000000
-0.00193684700000000
-0.000586898200000000
0.000786820400000000
0.00223917500000000
0.00359965300000000
0.00444078200000000
0.00429321000000000
0.00320859800000000
0.00189986600000000
0.000581099200000000
-0.000784661300000000
-0.00204554500000000
-0.00286610800000000
-0.00292062200000000
-0.00233740000000000
-0.00171447100000000
-0.00153661000000000
-0.00213772200000000
-0.00348939100000000
-0.00499778200000000
-0.00620882700000000
-0.00669970100000000
-0.00616199900000000
-0.00485639400000000
-0.00355803000000000
-0.00272389400000000
-0.00256025000000000
-0.00295890700000000
-0.00341379400000000
-0.00370872600000000
-0.00378643900000000
-0.00360081800000000
-0.00323771000000000
-0.00291823500000000
-0.00266732800000000
-0.00233802700000000
-0.00173918000000000
-0.000747453400000000
0.000534882300000000
0.00187296600000000
0.00305393300000000
0.00384679200000000
0.00408439700000000
0.00390342000000000
0.00365744100000000
0.00343408100000000
0.00320116800000000
0.00300340700000000
0.00295331900000000
0.00315118300000000
0.00352683900000000
0.00386479700000000
0.00392090300000000
0.00349302600000000
0.00261595200000000
0.00163335000000000
0.000646537200000000
-0.000335701900000000
-0.00119595300000000
-0.00172262600000000
-0.00177150100000000
-0.00147571800000000
-0.00110878300000000
-0.000825223600000000
-0.000781176100000000
-0.00114381000000000
-0.00189481800000000
-0.00277198900000000
-0.00373607300000000
-0.00477071200000000
-0.00562173700000000
-0.00582515000000000
-0.00500303600000000
-0.00336317000000000
-0.00163449400000000
-0.000205748700000000
0.000756274400000000
0.00124763300000000
0.00154628600000000
0.00184954200000000
0.00214359800000000
0.00240948300000000
0.00274999900000000
0.00335127000000000
0.00432017400000000
0.00546807500000000
0.00637987200000000
0.00685538700000000
0.00704530800000000
0.00731454600000000
0.00759747100000000
0.00742169200000000
0.00625709100000000
0.00402577600000000
0.00138602000000000
-0.00115630800000000
-0.00334918900000000
-0.00500927300000000
-0.00617097800000000
-0.00716780000000000
-0.00811756200000000
-0.00868255100000000
-0.00843560200000000
-0.00735180200000000
-0.00597053100000000
-0.00455654400000000
-0.00303659800000000
-0.00138115400000000
0.000167618700000000
0.00105321700000000
0.000713969200000000
-0.000762787300000000
-0.00245464900000000
-0.00401553600000000
-0.00543772600000000
-0.00662577500000000
-0.00734171300000000
-0.00721174100000000
-0.00629348900000000
-0.00526935300000000
-0.00443817400000000
-0.00379638800000000
-0.00324588100000000
-0.00263329200000000
-0.00208318400000000
-0.00190080800000000
-0.00233453200000000
-0.00328434100000000
-0.00437777100000000
-0.00547831000000000
-0.00650877500000000
-0.00723712300000000
-0.00731964400000000
-0.00657162300000000
-0.00532216500000000
-0.00405128700000000
-0.00282714300000000
-0.00152797300000000
-0.000112840800000000
0.00124922800000000
0.00209872100000000
0.00194962900000000
0.000854515500000000
-0.000355368300000000
-0.00107256100000000
-0.000907398300000000
0.000203286400000000
0.00176270500000000
0.00341413000000000
0.00519949300000000
0.00708698100000000
0.00865950400000000
0.00923409200000000
0.00854147500000000
0.00710752300000000
0.00541709500000000
0.00357964300000000
0.00186905700000000
0.000872462200000000
0.00107238200000000
0.00228793100000000
0.00374289200000000
0.00500339800000000
0.00570700900000000
0.00541919400000000
0.00410905400000000
0.00234227600000000
0.000327694300000000
-0.00200422600000000
-0.00437600300000000
-0.00614275100000000
-0.00708536900000000
-0.00765892900000000
-0.00798889800000000
-0.00787630900000000
-0.00729149700000000
-0.00650251500000000
-0.00546173800000000
-0.00400365800000000
-0.00216377800000000
-0.000139574200000000
0.00180463600000000
0.00320667000000000
0.00352100900000000
0.00263300700000000
0.00113350200000000
-0.000641983100000000
-0.00255320400000000
-0.00429620900000000
-0.00531694300000000
-0.00504540000000000
-0.00359965400000000
-0.00195660400000000
-0.000399021200000000
0.00122483400000000
0.00295637400000000
0.00459396300000000
0.00565710500000000
0.00572118100000000
0.00472460000000000
0.00269278900000000
-0.000479585100000000
-0.00412630600000000
-0.00684894900000000
-0.00797714300000000
-0.00750861300000000
-0.00570270600000000
-0.00353036900000000
-0.00138696800000000
0.000447819200000000
0.00139330200000000
0.00100032300000000
-0.000440326000000000
-0.00200857100000000
-0.00343666400000000
-0.00476107000000000
-0.00590508000000000
-0.00657905000000000
-0.00644961500000000
-0.00550894100000000
-0.00390501900000000
-0.00171956000000000
0.000615705600000000
0.00258612600000000
0.00397247900000000
0.00491927300000000
0.00573141900000000
0.00630390900000000
0.00638275100000000
0.00595251700000000
0.00516761500000000
0.00393664600000000
0.00227310600000000
0.000649072300000000
-0.000338904800000000
-0.000608557300000000
-0.000649695100000000
-0.000750502400000000
-0.000922627100000000
-0.00110917600000000
-0.00126610300000000
-0.00137614300000000
-0.00143450000000000
-0.00142963300000000
-0.00135523800000000
-0.00123198100000000
-0.00108894100000000
-0.000882175900000000
-0.000581739500000000
-0.000283268800000000
-0.000259806000000000
-0.000859264900000000
-0.00218983000000000
-0.00389282500000000
-0.00559944100000000
-0.00688664900000000
-0.00718889900000000
-0.00618407200000000
-0.00427714200000000
-0.00215329200000000
-6.70522200000000e-05
0.00172109900000000
0.00272271200000000
0.00256576800000000
0.00153443700000000
0.000424760000000000
-0.000596798000000000
-0.00172671800000000
-0.00312016900000000
-0.00473755400000000
-0.00628550100000000
-0.00723795200000000
-0.00708227200000000
-0.00586823000000000
-0.00439351000000000
-0.00305134000000000
-0.00164894100000000
0.000174566300000000
0.00258642700000000
0.00517209700000000
0.00693931900000000
0.00693224300000000
0.00503900800000000
0.00231281400000000
-0.000669102000000000
-0.00374430500000000
-0.00636887800000000
-0.00762322300000000
-0.00677013300000000
-0.00426977600000000
-0.00155051800000000
0.000895060500000000
0.00306281400000000
0.00484309000000000
0.00592767000000000
0.00592969000000000
0.00506747200000000
0.00406249500000000
0.00307466600000000
0.00195172500000000
0.000649016300000000
-0.000647061200000000
-0.00144684200000000
-0.00120413000000000
0.000163646400000000
0.00199397000000000
0.00387715400000000
0.00565535200000000
0.00703509400000000
0.00758921700000000
0.00705781000000000
0.00577769400000000
0.00437662800000000
0.00316591700000000
0.00238450600000000
0.00222467700000000
0.00252963300000000
0.00279063000000000
0.00263886100000000
0.00185544600000000
0.000530100300000000
-0.000839331900000000
-0.00201142500000000
-0.00289387700000000
-0.00343703700000000
-0.00367314100000000
-0.00349847200000000
-0.00291546400000000
-0.00227139600000000
-0.00186440200000000
-0.00179653800000000
-0.00197923400000000
-0.00227318100000000
-0.00264160500000000
-0.00293924800000000
-0.00281003500000000
-0.00186124700000000
-0.000124758100000000
0.00172057200000000
0.00312501700000000
0.00368873700000000
0.00333471000000000
0.00262683700000000
0.00221392700000000
0.00243236000000000
0.00323921400000000
0.00413601700000000
0.00455075600000000
0.00402223500000000
0.00246943700000000
0.000493975600000000
-0.00121582800000000
-0.00228791500000000
-0.00265532600000000
-0.00265995900000000
-0.00274945500000000
-0.00300630500000000
-0.00327542800000000
-0.00328393400000000
-0.00272741700000000
-0.00149438800000000
0.000164537900000000
0.00198482600000000
0.00377116000000000
0.00510879800000000
0.00538106800000000
0.00425390300000000
0.00214059900000000
-0.000415934900000000
-0.00292972300000000
-0.00470144100000000
-0.00557933500000000
-0.00608912200000000
-0.00659955200000000
-0.00697629200000000
-0.00694632300000000
-0.00646474500000000
-0.00578448300000000
-0.00495300500000000
-0.00378408700000000
-0.00218996600000000
-0.000425862700000000
0.00101584000000000
0.00164001100000000
0.00125184200000000
0.000300218400000000
-0.000575070800000000
-0.00125834800000000
-0.00192426800000000
-0.00266213500000000
-0.00334214300000000
-0.00366059500000000
-0.00335693400000000
-0.00243612500000000
-0.00101559600000000
0.000858866100000000
0.00287671200000000
0.00461353800000000
0.00579498000000000
0.00646673000000000
0.00706527900000000
0.00787621600000000
0.00886271100000000
0.00970184500000000
0.00983060700000000
0.00874002700000000
0.00655765600000000
0.00420208300000000
0.00204919500000000
0.000141331400000000
-0.00146374300000000
-0.00265528600000000
-0.00305786500000000
-0.00245284400000000
-0.00121355000000000
0.000264981000000000
0.00180195300000000
0.00301529000000000
0.00326007800000000
0.00206578400000000
-0.000166322200000000
-0.00232093100000000
-0.00392158400000000
-0.00501620500000000
-0.00579134500000000
-0.00602102500000000
-0.00543873500000000
-0.00427482600000000
-0.00289088900000000
-0.00126293300000000
0.000670284300000000
0.00262630100000000
0.00408406800000000
0.00476023900000000
0.00459817500000000
0.00344521000000000
0.00121322000000000
-0.00184823400000000
-0.00478654100000000
-0.00645838100000000
-0.00589295200000000
-0.00326881200000000
-0.000397859800000000
0.00157654300000000
0.00269781200000000
0.00345491600000000
0.00409521300000000
0.00471964400000000
0.00517152800000000
0.00526837900000000
0.00505265800000000
0.00454925800000000
0.00375302800000000
0.00287502500000000
0.00245489300000000
0.00293304900000000
0.00417586000000000
0.00563334800000000
0.00713213400000000
0.00855109600000000
0.00951498600000000
0.00952475200000000
0.00843020500000000
0.00679382600000000
0.00513364300000000
0.00351428400000000
0.00190681400000000
0.000393908000000000
-0.000832318400000000
-0.00155255000000000
-0.00153602900000000
-0.000932109900000000
-0.000236470300000000
0.000396297100000000
0.00101601800000000
0.00168799900000000
0.00247532300000000
0.00340340900000000
0.00444770300000000
0.00555761400000000
0.00673655900000000
0.00786704000000000
0.00854875800000000
0.00806935200000000
0.00582819200000000
0.00192271900000000
-0.00309340400000000
-0.00765339200000000
-0.0104245000000000
-0.0116316300000000
-0.0122414800000000
-0.0121344600000000
-0.0109091900000000
-0.00874449600000000
-0.00575960500000000
-0.00256863300000000
-6.46006300000000e-06
0.00142844300000000
0.00171947000000000
0.00102192000000000
-0.000282152200000000
-0.00171572200000000
-0.00313342900000000
-0.00438527700000000
-0.00513916800000000
-0.00514336000000000
-0.00460276700000000
-0.00407817900000000
-0.00368046900000000
-0.00317405900000000
-0.00221903500000000
-0.000603144900000000
0.00140441200000000
0.00302228900000000
0.00383447600000000
0.00413637100000000
0.00441766700000000
0.00478724600000000
0.00514709000000000
0.00542084800000000
0.00565738600000000
0.00605936900000000
0.00685812800000000
0.00804897300000000
0.00921845300000000
0.00983863900000000
0.00942739000000000
0.00795388600000000
0.00605183900000000
0.00402757300000000
0.00185056900000000
-0.000476096200000000
-0.00300770100000000
-0.00564328300000000
-0.00795891200000000
-0.00930511700000000
-0.00923486500000000
-0.00799686500000000
-0.00609410600000000
-0.00369914500000000
-0.00121449000000000
0.000833293400000000
0.00215331700000000
0.00263200400000000
0.00202678600000000
0.000448181500000000
-0.00174153800000000
-0.00398248600000000
-0.00552424500000000
-0.00577418600000000
-0.00480221400000000
-0.00348272700000000
-0.00203153000000000
-0.000426820400000000
0.00109576000000000
0.00233947500000000
0.00326105500000000
0.00408288100000000
0.00507385900000000
0.00632079500000000
0.00762613100000000
0.00844194100000000
0.00810027700000000
0.00638638700000000
0.00380535700000000
0.000664488000000000
-0.00241797600000000
-0.00453422300000000
-0.00488701800000000
-0.00352867100000000
-0.00178593100000000
-0.000535941700000000
8.80012500000000e-05
0.000216476700000000
-0.000141442400000000
-0.000926991000000000
-0.00219748800000000
-0.00435039900000000
-0.00733824600000000
-0.0101923400000000
-0.0117295800000000
-0.0110168700000000
-0.00832230500000000
-0.00535580800000000
-0.00262403800000000
0.000151221700000000
0.00316232500000000
0.00624608900000000
0.00873081000000000
0.00972523600000000
0.00881171600000000
0.00670793000000000
0.00427706200000000
0.00205953600000000
0.000683499800000000
0.000695386500000000
0.00187284900000000
0.00301225200000000
0.00349679100000000
0.00327451000000000
0.00265887900000000
0.00210976500000000
0.00183445000000000
0.00195835900000000
0.00250231500000000
0.00327631600000000
0.00407722300000000
0.00474954300000000
0.00503539600000000
0.00465428200000000
0.00362238900000000
0.00233337900000000
0.000761230200000000
-0.00122316700000000
-0.00348454500000000
-0.00565986800000000
-0.00702673400000000
-0.00677570300000000
-0.00483328000000000
-0.00227728300000000
0.000158049700000000
0.00222807800000000
0.00374882900000000
0.00471044400000000
0.00539583500000000
0.00596630400000000
0.00628928300000000
0.00628799300000000
0.00609537100000000
0.00576364300000000
0.00492700200000000
0.00312683500000000
0.000413666200000000
-0.00231712100000000
-0.00415394800000000
-0.00497212000000000
-0.00541278600000000
-0.00590948400000000
-0.00619174700000000
-0.00569440800000000
-0.00414303700000000
-0.00193412100000000
0.000389476200000000
0.00243614900000000
0.00378619800000000
0.00415615200000000
0.00380514100000000
0.00340380500000000
0.00313861900000000
0.00290680200000000
0.00257925000000000
0.00204662600000000
0.00129500600000000
0.000435277000000000
-0.000374616000000000
-0.00107086000000000
-0.00169926800000000
-0.00242033400000000
-0.00344951600000000
-0.00487635000000000
-0.00639938300000000
-0.00725717000000000
-0.00672819400000000
-0.00493158400000000
-0.00291472900000000
-0.00102536900000000
0.000860808900000000
0.00284895800000000
0.00495692700000000
0.00711832500000000
0.00945203400000000
0.0122020300000000
0.0155010400000000
0.0190356900000000
0.0221091000000000
0.0242784400000000
0.0254014900000000
0.0251861800000000
0.0236627200000000
0.0212436100000000
0.0178375900000000
0.0136145400000000
0.00918051400000000
0.00455161600000000
-0.000423323700000000
-0.00550306800000000
-0.00980290800000000
-0.0120598500000000
-0.0116375600000000
-0.00955772500000000
-0.00746586700000000
-0.00588140600000000
-0.00469578700000000
-0.00363272100000000
-0.00252142200000000
-0.00178209900000000
-0.00203972100000000
-0.00341613200000000
-0.00523895600000000
-0.00702019100000000
-0.00820044500000000
-0.00801727500000000
-0.00610014200000000
-0.00307203900000000
0.000155524800000000
0.00346626500000000
0.00690700300000000
0.0101350200000000
0.0124690000000000
0.0134288900000000
0.0132089200000000
0.0122633700000000
0.0110367300000000
0.00934917100000000
0.00693912500000000
0.00402671400000000
0.00107266700000000
-0.00138727600000000
-0.00281005700000000
-0.00306872000000000
-0.00278088900000000
-0.00249167700000000
-0.00224086600000000
-0.00195048800000000
-0.00168252000000000
-0.00169934800000000
-0.00233410300000000
-0.00376729700000000
-0.00609121700000000
-0.00928437100000000
-0.0128180300000000
-0.0162223200000000
-0.0191534900000000
-0.0212987200000000
-0.0226778300000000
-0.0236599900000000
-0.0240032800000000
-0.0233068800000000
-0.0215140300000000
-0.0183473400000000
-0.0139549600000000
-0.00943312500000000
-0.00550720900000000
-0.00253755300000000
-0.000439239300000000
0.00149071100000000
0.00359473700000000
0.00574456000000000
0.00763240800000000
0.00896531300000000
0.00970422900000000
0.0101642400000000
0.0105638600000000
0.0108181600000000
0.0108188400000000
0.0107001400000000
0.0108542100000000
0.0114777900000000
0.0123459100000000
0.0129090100000000
0.0125940800000000
0.0111105100000000
0.00878306100000000
0.00613170000000000
0.00326204100000000
0.000223952700000000
-0.00297565700000000
-0.00638567000000000
-0.00985188200000000
-0.0128903400000000
-0.0148082800000000
-0.0150609300000000
-0.0138350900000000
-0.0122211700000000
-0.0103022300000000
-0.00767369800000000
-0.00436652500000000
-0.000860818800000000
0.00211306500000000
0.00368798000000000
0.00341936800000000
0.00200622600000000
0.000582426800000000
-0.000450070700000000
-0.00110304100000000
-0.00156033600000000
-0.00212063300000000
-0.00268493400000000
-0.00277819300000000
-0.00193004400000000
-0.000227684000000000
0.00152052400000000
0.00276884900000000
0.00331177900000000
0.00331313900000000
0.00324587300000000
0.00333614800000000
0.00373068500000000
0.00458280400000000
0.00586962200000000
0.00732154100000000
0.00891623300000000
0.0108162100000000
0.0129861100000000
0.0150469700000000
0.0165738800000000
0.0173064800000000
0.0172900400000000
0.0166285500000000
0.0156206700000000
0.0145166600000000
0.0130318300000000
0.0107323400000000
0.00757270700000000
0.00404731500000000
0.000822045200000000
-0.00115322300000000
-0.000977843300000000
0.00112115100000000
0.00353067400000000
0.00567259300000000
0.00763991800000000
0.00948558100000000
0.0112221200000000
0.0127566400000000
0.0137784200000000
0.0138807300000000
0.0131634700000000
0.0122898100000000
0.0113074900000000
0.00981057600000000
0.00751650400000000
0.00457881500000000
0.00143725600000000
-0.00159414800000000
-0.00411498300000000
-0.00569699200000000
-0.00630957100000000
-0.00655343200000000
-0.00675811200000000
-0.00699177100000000
-0.00743033300000000
-0.00838258800000000
-0.0100184600000000
-0.0120325700000000
-0.0138535700000000
-0.0151566400000000
-0.0159468300000000
-0.0165713300000000
-0.0172999600000000
-0.0182506200000000
-0.0194166400000000
-0.0205288900000000
-0.0209761500000000
-0.0200119100000000
-0.0174139100000000
-0.0139933100000000
-0.0106221600000000
-0.00767084700000000
-0.00533361300000000
-0.00357394100000000
-0.00200576900000000
-0.000395893400000000
0.00139480600000000
0.00363739000000000
0.00661985300000000
0.0103329700000000
0.0145068200000000
0.0191364500000000
0.0239184000000000
0.0278149400000000
0.0297706700000000
0.0299448300000000
0.0286702800000000
0.0262840300000000
0.0238342400000000
0.0216894100000000
0.0198170500000000
0.0182907000000000
0.0172431000000000
0.0165363800000000
0.0157544400000000
0.0145093300000000
0.0124989200000000
0.00982298300000000
0.00706073200000000
0.00435347500000000
0.00156985300000000
-0.00134900800000000
-0.00427303500000000
-0.00684658300000000
-0.00871182400000000
-0.00983219800000000
-0.0105585700000000
-0.0107737700000000
-0.0100270700000000
-0.00832974000000000
-0.00642072100000000
-0.00473298400000000
-0.00347584400000000
-0.00274139300000000
-0.00230834900000000
-0.00188044700000000
-0.00138229500000000
-0.000826115300000000
-0.000194349500000000
0.000510149700000000
0.00123677400000000
0.00194366700000000
0.00265099600000000
0.00339605000000000
0.00420640200000000
0.00505051800000000
0.00581318200000000
0.00631154200000000
0.00642109000000000
0.00624066000000000
0.00604784400000000
0.00593541900000000
0.00585603400000000
0.00569113400000000
0.00529128500000000
0.00458393600000000
0.00369727700000000
0.00289598500000000
0.00241201400000000
0.00237373300000000
0.00267529300000000
0.00304135600000000
0.00341444600000000
0.00380075300000000
0.00409902900000000
0.00410067600000000
0.00362810400000000
0.00276303600000000
0.00179308700000000
0.000783984500000000
-0.000250052700000000
-0.00115094500000000
-0.00162956500000000
-0.00144608300000000
-0.000708012600000000
0.000229015900000000
0.00135091700000000
0.00267403300000000
0.00390339800000000
0.00452503000000000
0.00404300200000000
0.00255031500000000
0.000884688400000000
-0.000641839600000000
-0.00207408100000000
-0.00347475600000000
-0.00491928800000000
-0.00642660400000000
-0.00799891500000000
-0.00961986000000000
-0.0112335600000000
-0.0126978900000000
-0.0138203800000000
-0.0144975800000000
-0.0148845100000000
-0.0152260500000000
-0.0155971600000000
-0.0160228200000000
-0.0165637900000000
-0.0172603700000000
-0.0180555000000000
-0.0188093900000000
-0.0193883600000000
-0.0196580200000000
-0.0195682600000000
-0.0191240800000000
-0.0179722700000000
-0.0158267300000000
-0.0130017600000000
-0.0100623800000000
-0.00723363400000000
-0.00459483100000000
-0.00220158900000000
4.84699900000000e-05
0.00241697000000000
0.00499173700000000
0.00758702900000000
0.00974644400000000
0.0108668400000000
0.0106719500000000
0.00966112100000000
0.00856858200000000
0.00751203100000000
0.00638140800000000
0.00521396300000000
0.00428238200000000
0.00397833800000000
0.00444583600000000
0.00531893700000000
0.00623105400000000
0.00710030400000000
0.00791258100000000
0.00862045700000000
0.00919274100000000
0.00968426800000000
0.0101895100000000
0.0108771800000000
0.0119851000000000
0.0136251700000000
0.0156144900000000
0.0177417300000000
0.0198358900000000
0.0215284500000000
0.0222796600000000
0.0217820000000000
0.0203311000000000
0.0182436400000000
0.0157113000000000
0.0130850400000000
0.0108463700000000
0.00964297000000000
0.00986890000000000
0.0110508800000000
0.0122552700000000
0.0128999300000000
0.0125720600000000
0.0111699400000000
0.00911395100000000
0.00653929700000000
0.00351360400000000
0.000326432500000000
-0.00291491200000000
-0.00609629500000000
-0.00898040700000000
-0.0113420400000000
-0.0131948600000000
-0.0147582000000000
-0.0156415500000000
-0.0149782000000000
-0.0122781000000000
-0.00781850200000000
-0.00228031200000000
0.00312864100000000
0.00771124100000000
0.0112512200000000
0.0139124500000000
0.0158957900000000
0.0170188400000000
0.0172725500000000
0.0169310000000000
0.0163401200000000
0.0155017800000000
0.0143835400000000
0.0131358200000000
0.0118570300000000
0.0105708900000000
0.00929619400000000
0.00805581300000000
0.00686422900000000
0.00570480600000000
0.00455878700000000
0.00341256000000000
0.00224628500000000
0.00103959800000000
-0.000196930000000000
-0.00140402000000000
-0.00249591600000000
-0.00345686200000000
-0.00447423000000000
-0.00597075300000000
-0.00839933400000000
-0.0117593900000000
-0.0153306100000000
-0.0184837300000000
-0.0208998300000000
-0.0226041200000000
-0.0239571100000000
-0.0248613600000000
-0.0248656400000000
-0.0237496900000000
-0.0214741400000000
-0.0175744100000000
-0.0122551200000000
-0.00692433300000000
-0.00231428100000000
0.00151902200000000
0.00496418700000000
0.00843534900000000
0.0117781800000000
0.0145841900000000
0.0166085200000000
0.0179424200000000
0.0184713400000000
0.0178428300000000
0.0161751800000000
0.0140734400000000
0.0117197800000000
0.00920957400000000
0.00664332100000000
0.00402830800000000
0.00139484500000000
-0.00118719400000000
-0.00361241300000000
-0.00578587300000000
-0.00758520400000000
-0.00861894000000000
-0.00836083000000000
-0.00676282100000000
-0.00422390200000000
-0.000765793400000000
0.00334156800000000
0.00762774500000000
0.0120046100000000
0.0163714400000000
0.0203698300000000
0.0234577200000000
0.0252349700000000
0.0257728000000000
0.0253445500000000
0.0244227800000000
0.0235678700000000
0.0228776000000000
0.0221068700000000
0.0207976000000000
0.0184601800000000
0.0150421000000000
0.0111933700000000
0.00745878800000000
0.00422308500000000
0.00186072700000000
0.000394808000000000
-0.000724155800000000
-0.00190533300000000
-0.00341860700000000
-0.00561524400000000
-0.00869405500000000
-0.0123880500000000
-0.0162825400000000
-0.0203211100000000
-0.0245009200000000
-0.0287973000000000
-0.0330817700000000
-0.0370426600000000
-0.0403040700000000
-0.0427266100000000
-0.0445272300000000
-0.0455273000000000
-0.0450154500000000
-0.0427376300000000
-0.0393340200000000
-0.0347845800000000
-0.0287563800000000
-0.0217416100000000
-0.0146159600000000
-0.00770488900000000
-0.00103158800000000
0.00547539000000000
0.0119219000000000
0.0179792300000000
0.0230246800000000
0.0267121000000000
0.0294271700000000
0.0315746900000000
0.0327065700000000
0.0323442300000000
0.0306845300000000
0.0280023700000000
0.0247966700000000
0.0213452800000000
0.0179257700000000
0.0152360000000000
0.0141630800000000
0.0149392900000000
0.0164481400000000
0.0173665000000000
0.0170479100000000
0.0155870000000000
0.0137814100000000
0.0119736400000000
0.0100657900000000
0.00809943100000000
0.00643204600000000
0.00565509300000000
0.00611349900000000
0.00738845600000000
0.00874240700000000
0.00990182300000000
0.0107534300000000
0.0110836100000000
0.0104748600000000
0.00875530100000000
0.00633084800000000
0.00336964200000000
0.000135009100000000
-0.00318875100000000
-0.00646063300000000
-0.00937329600000000
-0.0116057800000000
-0.0131862200000000
-0.0146292500000000
-0.0161236700000000
-0.0176697700000000
-0.0192836100000000
-0.0209476400000000
-0.0225386000000000
-0.0237790200000000
-0.0243627900000000
-0.0242806100000000
-0.0239974800000000
-0.0238519600000000
-0.0239209100000000
-0.0240736600000000
-0.0239044200000000
-0.0228119900000000
-0.0203713400000000
-0.0169055800000000
-0.0133059400000000
-0.00985104300000000
-0.00647294000000000
-0.00311134500000000
0.000275599700000000
0.00370569800000000
0.00717349100000000
0.0106044400000000
0.0139035900000000
0.0170088600000000
0.0199642900000000
0.0229149700000000
0.0258619100000000
0.0283844100000000
0.0297817000000000
0.0295606800000000
0.0278014100000000
0.0243631400000000
0.0190943600000000
0.0128941000000000
0.00679805200000000
0.00133120100000000
-0.00318535200000000
-0.00661893300000000
-0.00872477800000000
-0.00957900400000000
-0.0101050200000000
-0.0107522600000000
-0.0117972900000000
-0.0136524600000000
-0.0164485200000000
-0.0198200000000000
-0.0235279100000000
-0.0272894900000000
-0.0305890700000000
-0.0327053300000000
-0.0331553700000000
-0.0322621200000000
-0.0306144100000000
-0.0288541800000000
-0.0270675000000000
-0.0251472200000000
-0.0231067300000000
-0.0209683700000000
-0.0187468200000000
-0.0164705800000000
-0.0142225000000000
-0.0121549900000000
-0.0104325700000000
-0.00906449300000000
-0.00780763700000000
-0.00646092200000000
-0.00494922000000000
-0.00334247600000000
-0.00194658500000000
-0.00127202400000000
-0.00173618300000000
-0.00315406900000000
-0.00477861200000000
-0.00614786900000000
-0.00687093300000000
-0.00655199600000000
-0.00517118400000000
-0.00337771000000000
-0.00182817100000000
-0.000690548900000000
0.000195889700000000
0.00116943900000000
0.00271123400000000
0.00536998500000000
0.00929638700000000
0.0138632300000000
0.0183844200000000
0.0225047700000000
0.0258953100000000
0.0283498600000000
0.0298642500000000
0.0300044400000000
0.0288321400000000
0.0273541000000000
0.0257205000000000
0.0235840900000000
0.0208109600000000
0.0176441200000000
0.0142717900000000
0.0108476200000000
0.00772834400000000
0.00535753000000000
0.00392192900000000
0.00302370100000000
0.00213960900000000
0.00129359500000000
0.000792553100000000
0.000852029000000000
0.00135136300000000
0.00192584600000000
0.00249733800000000
0.00315307800000000
0.00392048800000000
0.00462889000000000
0.00486906000000000
0.00418548800000000
0.00254339400000000
0.000486228500000000
-0.00183799800000000
-0.00430965700000000
-0.00650125900000000
-0.00798817900000000
-0.00860562000000000
-0.00866887400000000
-0.00843145500000000
-0.00787899400000000
-0.00702736900000000
-0.00573893800000000
-0.00349001800000000
7.45744600000000e-05
0.00455434500000000
0.00919620200000000
0.0135922900000000
0.0173602600000000
0.0200770800000000
0.0215081900000000
0.0214946800000000
0.0204382300000000
0.0188827700000000
0.0167101800000000
0.0138898600000000
0.0108863700000000
0.00789088100000000
0.00490293300000000
0.00188886600000000
-0.00121817200000000
-0.00445255700000000
-0.00774192300000000
-0.0108331200000000
-0.0133469100000000
-0.0150203200000000
-0.0160674300000000
-0.0170337500000000
-0.0180194800000000
-0.0189001700000000
-0.0196717900000000
-0.0205740600000000
-0.0220709000000000
-0.0245288600000000
-0.0277504800000000
-0.0310057100000000
-0.0338299600000000
-0.0359393100000000
-0.0372657800000000
-0.0379460200000000
-0.0374803100000000
-0.0354768600000000
-0.0323771100000000
-0.0285653800000000
-0.0240710400000000
-0.0189226400000000
-0.0125200000000000
-0.00449883500000000
0.00412450700000000
0.0113141700000000
0.0160957500000000
0.0189492300000000
0.0204487600000000
0.0210937600000000
0.0216734000000000
0.0224339100000000
0.0233840300000000
0.0245413600000000
0.0257837500000000
0.0270155100000000
0.0281634300000000
0.0290739200000000
0.0295181400000000
0.0292904900000000
0.0283017900000000
0.0268125600000000
0.0248698300000000
0.0221501500000000
0.0185962000000000
0.0147190100000000
0.0107867700000000
0.00677730700000000
0.00271797100000000
-0.00114260300000000
-0.00431759300000000
-0.00639619300000000
-0.00751802800000000
-0.00819389800000000
-0.00833597100000000
-0.00778591900000000
-0.00679637000000000
-0.00549253800000000
-0.00397891900000000
-0.00254752900000000
-0.00152666400000000
-0.00114612100000000
-0.00130572800000000
-0.00164017900000000
-0.00205927200000000
-0.00249318000000000
-0.00268455300000000
-0.00240326600000000
-0.00171138100000000
-0.000902571000000000
-0.000345566800000000
-0.000573216100000000
-0.00205489800000000
-0.00465032500000000
-0.00767546000000000
-0.0108135200000000
-0.0136686500000000
-0.0155642600000000
-0.0161769900000000
-0.0159836900000000
-0.0157655100000000
-0.0157576800000000
-0.0159025600000000
-0.0159930200000000
-0.0156329100000000
-0.0143307600000000
-0.0118798600000000
-0.00865224700000000
-0.00507746400000000
-0.00170690300000000
0.000971600400000000
0.00276345500000000
0.00374224100000000
0.00368744500000000
0.00254165100000000
0.000861730600000000
-0.00134147100000000
-0.00400730500000000
-0.00648257100000000
-0.00803429700000000
-0.00819572300000000
-0.00729785300000000
-0.00628953100000000
-0.00544976900000000
-0.00471821800000000
-0.00416427500000000
-0.00401117600000000
-0.00434275800000000
-0.00477453200000000
-0.00467642200000000
-0.00352906900000000
-0.00133794200000000
0.00118886400000000
0.00365719600000000
0.00607618500000000
0.00848716200000000
0.0108464800000000
0.0130180300000000
0.0148926500000000
0.0164338800000000
0.0174175300000000
0.0174445700000000
0.0163816800000000
0.0143288000000000
0.0110994300000000
0.00678727600000000
0.00172984600000000
-0.00305576700000000
-0.00663886900000000
-0.00890940900000000
-0.00984342600000000
-0.00948034900000000
-0.00823222900000000
-0.00666003500000000
-0.00498689000000000
-0.00332555400000000
-0.00171417900000000
-0.000113101800000000
0.00156691400000000
0.00332738300000000
0.00497814900000000
0.00611773000000000
0.00619354400000000
0.00489090300000000
0.00241101500000000
-0.00123576000000000
-0.00560361600000000
-0.00992115000000000
-0.0131883600000000
-0.0148938600000000
-0.0153759900000000
-0.0148707200000000
-0.0138345100000000
-0.0121536000000000
-0.00968646900000000
-0.00672431000000000
-0.00411365100000000
-0.00259715300000000
-0.00222659600000000
-0.00289350800000000
-0.00419428000000000
-0.00582824000000000
-0.00774093100000000
-0.00979606800000000
-0.0118475600000000
-0.0135647200000000
-0.0143975400000000
-0.0139112500000000
-0.0121860800000000
-0.00997824200000000
-0.00773908600000000
-0.00598901600000000
-0.00537890700000000
-0.00627127500000000
-0.00862777000000000
-0.0115688600000000
-0.0142194000000000
-0.0162239500000000
-0.0178169000000000
-0.0190777500000000
-0.0196256200000000
-0.0190386400000000
-0.0171053100000000
-0.0139129300000000
-0.00999833200000000
-0.00586875500000000
-0.00171970500000000
0.00239803700000000
0.00648447000000000
0.0104229600000000
0.0138037100000000
0.0161077300000000
0.0168958700000000
0.0158449900000000
0.0131866100000000
0.00967213900000000
0.00613945100000000
0.00290413000000000
-8.50415400000000e-05
-0.00266669600000000
-0.00445481500000000
-0.00497828600000000
-0.00398298100000000
-0.00164236100000000
0.00194765300000000
0.00643132200000000
0.0108481500000000
0.0136362300000000
0.0143770500000000
0.0136035800000000
0.0114585300000000
0.00851393600000000
0.00524256700000000
0.00202652700000000
-0.000579778300000000
-0.00214848200000000
-0.00317222300000000
-0.00450875200000000
-0.00632187600000000
-0.00815753100000000
-0.00933547200000000
-0.00965932900000000
-0.00945888400000000
-0.00886920500000000
-0.00803945300000000
-0.00708465300000000
-0.00604633600000000
-0.00508573600000000
-0.00438262300000000
-0.00392638200000000
-0.00343689900000000
-0.00265680800000000
-0.00161645500000000
-0.000589496900000000
0.000140022800000000
0.000347405600000000
6.18425400000000e-05
-0.000337316400000000
-0.000609865100000000
-0.000573814700000000
-6.38662000000000e-05
0.000844188500000000
0.00179424400000000
0.00269107000000000
0.00361330200000000
0.00463370500000000
0.00579742400000000
0.00700762500000000
0.00794322100000000
0.00809230600000000
0.00710024000000000
0.00516317000000000
0.00276372400000000
0.000508433000000000
-0.00112629400000000
-0.00218676100000000
-0.00319282200000000
-0.00444949600000000
-0.00609466700000000
-0.00817151700000000
-0.0104889200000000
-0.0125812300000000
-0.0141176200000000
-0.0150555800000000
-0.0156344400000000
-0.0159605200000000
-0.0160939000000000
-0.0162408500000000
-0.0165401100000000
-0.0170634500000000
-0.0177101200000000
-0.0181751400000000
-0.0182776000000000
-0.0179783500000000
-0.0171550300000000
-0.0157291100000000
-0.0139233300000000
-0.0119352700000000
-0.00980125000000000
-0.00766781500000000
-0.00577212500000000
-0.00430461800000000
-0.00331435500000000
-0.00283181200000000
-0.00275178000000000
-0.00271680700000000
-0.00241685700000000
-0.00156434000000000
-3.25500900000000e-05
0.00197594900000000
0.00431420600000000
0.00664572900000000
0.00863288100000000
0.0102495900000000
0.0117136300000000
0.0130688000000000
0.0142235900000000
0.0151988000000000
0.0161342800000000
0.0171871600000000
0.0185149000000000
0.0201847700000000
0.0219478600000000
0.0232015900000000
0.0235816500000000
0.0233406400000000
0.0227858700000000
0.0222244400000000
0.0216630400000000
0.0209195800000000
0.0198205700000000
0.0181856700000000
0.0158268700000000
0.0127610800000000
0.00912318500000000
0.00510914100000000
0.000775062000000000
-0.00394898900000000
-0.00886754200000000
-0.0135350200000000
-0.0175575100000000
-0.0207370400000000
-0.0231019700000000
-0.0249246900000000
-0.0262889500000000
-0.0273976900000000
-0.0283752800000000
-0.0290556700000000
-0.0292100000000000
-0.0286305000000000
-0.0269472100000000
-0.0240483200000000
-0.0201602500000000
-0.0159932700000000
-0.0124202300000000
-0.00967608900000000
-0.00760674900000000
-0.00594253200000000
-0.00440310500000000
-0.00289713300000000
-0.00120902900000000
0.00108778600000000
0.00428391000000000
0.00792623100000000
0.0107380500000000
0.0120278400000000
0.0117816100000000
0.0102859100000000
0.00818172700000000
0.00564375000000000
0.00302978800000000
0.00103215200000000
-0.000290493700000000
-0.00146318100000000
-0.00258636200000000
-0.00355312200000000
-0.00439057600000000
-0.00518561000000000
-0.00594508200000000
-0.00659432900000000
-0.00702371600000000
-0.00711481800000000
-0.00691098500000000
-0.00664197700000000
-0.00630500200000000
-0.00576514600000000
-0.00499417900000000
-0.00415212100000000
-0.00344264300000000
-0.00303678700000000
-0.00300308300000000
-0.00323222600000000
-0.00369888800000000
-0.00448294700000000
-0.00547409100000000
-0.00631677400000000
-0.00674216600000000
-0.00675302400000000
-0.00673967800000000
-0.00720701900000000
-0.00857633400000000
-0.0108629300000000
-0.0135417400000000
-0.0163851100000000
-0.0192175700000000
-0.0218475200000000
-0.0241134100000000
-0.0258243200000000
-0.0266538600000000
-0.0265322800000000
-0.0258950200000000
-0.0246752500000000
-0.0224546800000000
-0.0191143100000000
-0.0149262000000000
-0.0106558800000000
-0.00666344700000000
-0.00300291000000000
0.000306273600000000
0.00311037000000000
0.00533298500000000
0.00704589800000000
0.00835284800000000
0.00940366500000000
0.00999721800000000
0.00992088000000000
0.00928863700000000
0.00828946900000000
0.00716891300000000
0.00641229800000000
0.00636733500000000
0.00694545400000000
0.00760381700000000
0.00814379300000000
0.00858982100000000
0.00895895600000000
0.00922646800000000
0.00923337200000000
0.00882351700000000
0.00801178800000000
0.00682623300000000
0.00514285800000000
0.00304999800000000
0.000951634100000000
-0.000804925500000000
-0.00190950400000000
-0.00208258000000000
-0.00103957700000000
0.00104454000000000
0.00376607400000000
0.00661246800000000
0.00904831000000000
0.0107378100000000
0.0116232100000000
0.0117852400000000
0.0109948800000000
0.00940961700000000
0.00776323800000000
0.00651713200000000
0.00599689300000000
0.00645295600000000
0.00771467100000000
0.00951703000000000
0.0118949700000000
0.0145740600000000
0.0168661900000000
0.0184613400000000
0.0194554400000000
0.0198581600000000
0.0198274900000000
0.0197810700000000
0.0198791700000000
0.0200753900000000
0.0201515800000000
0.0196841900000000
0.0182170200000000
0.0157195300000000
0.0127739700000000
0.00964382800000000
0.00652856500000000
0.00361189800000000
0.000871376600000000
-0.00181261200000000
-0.00437257100000000
-0.00644434400000000
-0.00766854200000000
-0.00791653300000000
-0.00714724100000000
-0.00570128200000000
-0.00374486300000000
-0.00145242400000000
0.000683651500000000
0.00227419200000000
0.00313951400000000
0.00342135600000000
0.00324026600000000
0.00259837200000000
0.00145296900000000
-3.71829500000000e-05
-0.00131506900000000
-0.00173153200000000
-0.000854047200000000
0.00122194000000000
0.00424888100000000
0.00767632800000000
0.0103280100000000
0.0117280200000000
0.0120928400000000
0.0115950900000000
0.00995612100000000
0.00714480500000000
0.00346852400000000
-0.000361119300000000
-0.00393468900000000
-0.00707575600000000
-0.00979442200000000
-0.0122357300000000
-0.0142737900000000
-0.0158438600000000
-0.0170532600000000
-0.0175647300000000
-0.0167997200000000
-0.0146592700000000
-0.0117367600000000
-0.00906034000000000
-0.00743287100000000
-0.00707054000000000
-0.00758762500000000
-0.00879451600000000
-0.0102580700000000
-0.0115158700000000
-0.0120991100000000
-0.0115687800000000
-0.00974194300000000
-0.00638253400000000
-0.00213562200000000
0.00171635300000000
0.00501952700000000
0.00779144600000000
0.00995447800000000
0.0113888400000000
0.0118101000000000
0.0109650200000000
0.00882465500000000
0.00593957200000000
0.00292659500000000
0.000296592800000000
-0.00193606300000000
-0.00407689200000000
-0.00603295500000000
-0.00731555500000000
-0.00742554700000000
-0.00619052600000000
-0.00409623900000000
-0.00159390400000000
0.000841687600000000
0.00307169800000000
0.00520068600000000
0.00731923800000000
0.00934965300000000
0.0111064400000000
0.0124004500000000
0.0128949600000000
0.0123391900000000
0.0109281100000000
0.00893263500000000
0.00688990000000000
0.00547535300000000
0.00483189200000000
0.00467718500000000
0.00510666700000000
0.00625526600000000
0.00809125800000000
0.0105100100000000
0.0132734200000000
0.0161140500000000
0.0185130500000000
0.0199982700000000
0.0205948800000000
0.0203499600000000
0.0192626600000000
0.0174670200000000
0.0148618100000000
0.0115275500000000
0.00750095000000000
0.00279229200000000
-0.00217766300000000
-0.00696885300000000
-0.0111928900000000
-0.0144892000000000
-0.0167178500000000
-0.0182055500000000
-0.0192112300000000
-0.0200032100000000
-0.0207504000000000
-0.0213776700000000
-0.0217952300000000
-0.0220313400000000
-0.0222522300000000
-0.0226272100000000
-0.0232938500000000
-0.0242495500000000
-0.0253172700000000
-0.0264344300000000
-0.0276618900000000
-0.0290168400000000
-0.0304243000000000
-0.0318438700000000
-0.0332805200000000
-0.0346871000000000
-0.0358691800000000
-0.0364770300000000
-0.0362744100000000
-0.0354106200000000
-0.0341174000000000
-0.0323225800000000
-0.0301102400000000
-0.0278291500000000
-0.0256064300000000
-0.0234307300000000
-0.0212658500000000
-0.0190602800000000
-0.0167238100000000
-0.0141262300000000
-0.0111666800000000
-0.00792906900000000
-0.00480391200000000
-0.00214157400000000
-7.13439300000000e-05
0.00145165200000000
0.00215348200000000
0.00152391000000000
-0.000436017100000000
-0.00315318500000000
-0.00584402100000000
-0.00772951400000000
-0.00864422400000000
-0.00884129100000000
-0.00841317300000000
-0.00761846200000000
-0.00650487600000000
-0.00506735100000000
-0.00354388800000000
-0.00204313700000000
-0.000551201800000000
0.00104598400000000
0.00295998900000000
0.00535052500000000
0.00808243100000000
0.0107260300000000
0.0129424900000000
0.0145746300000000
0.0157437100000000
0.0166960400000000
0.0175573400000000
0.0184583600000000
0.0193233000000000
0.0198275600000000
0.0195886200000000
0.0185142900000000
0.0170343200000000
0.0155433200000000
0.0141124700000000
0.0127585900000000
0.0116150600000000
0.0109909000000000
0.0110799600000000
0.0116473300000000
0.0123292900000000
0.0131114100000000
0.0140840500000000
0.0152180500000000
0.0164228100000000
0.0175541800000000
0.0183696300000000
0.0185663400000000
0.0179030500000000
0.0164812900000000
0.0145046200000000
0.0122910800000000
0.0103894400000000
0.00905437400000000
0.00829564600000000
0.00831435000000000
0.00911518400000000
0.0101289600000000
0.0109388000000000
0.0113600200000000
0.0111699100000000
0.0102847400000000
0.00900393700000000
0.00758064600000000
0.00602942000000000
0.00442896100000000
0.00294984000000000
0.00169771600000000
0.000624501500000000
-0.000391164700000000
-0.00129844900000000
-0.00196620200000000
-0.00237201200000000
-0.00260932500000000
-0.00259405800000000
-0.00224042200000000
-0.00172160500000000
-0.00137008000000000
-0.00142258600000000
-0.00184673700000000
-0.00225761400000000
-0.00219866800000000
-0.00135856400000000
0.000165791700000000
0.00182586500000000
0.00353459500000000
0.00546475600000000
0.00770929500000000
0.0102909600000000
0.0130467100000000
0.0154996600000000
0.0171242400000000
0.0179242000000000
0.0184769600000000
0.0189196000000000
0.0191354000000000
0.0190454600000000
0.0184008200000000
0.0166941200000000
0.0136501400000000
0.00948240000000000
0.00464797300000000
0.000201897300000000
-0.00322902700000000
-0.00573884800000000
-0.00741308000000000
-0.00863883000000000
-0.00968334500000000
-0.0104707100000000
-0.0109457300000000
-0.0110393300000000
-0.0105282400000000
-0.00923438400000000
-0.00708736200000000
-0.00424797200000000
-0.000942478000000000
0.00254413000000000
0.00580341900000000
0.00837977200000000
0.00989115500000000
0.0103725800000000
0.0103884100000000
0.00981759400000000
0.00835939200000000
0.00612026000000000
0.00355117900000000
0.00154381100000000
0.000327926200000000
-0.000526634400000000
-0.00113551400000000
-0.00131421600000000
-0.00100441000000000
-0.000295376600000000
0.000937605400000000
0.00266504900000000
0.00450236800000000
0.00631966800000000
0.00812310500000000
0.00986088400000000
0.0113753900000000
0.0124353800000000
0.0128245800000000
0.0122235500000000
0.0104760700000000
0.00788995300000000
0.00502132000000000
0.00285332400000000
0.00179050300000000
0.00126119400000000
0.000711335900000000
5.27574300000000e-05
-0.000633753200000000
-0.00130098700000000
-0.00192864400000000
-0.00242227800000000
-0.00258077200000000
-0.00223923700000000
-0.00150395400000000
-0.000759321600000000
-0.000272186000000000
-0.000203421500000000
-0.000516597000000000
-0.000887082500000000
-0.00108052800000000
-0.00103236800000000
-0.000796666300000000
-0.000473144900000000
-1.87984700000000e-05
0.000617205900000000
0.00140119900000000
0.00239757500000000
0.00380836300000000
0.00571441100000000
0.00792395500000000
0.0102981400000000
0.0126542900000000
0.0145681000000000
0.0155367500000000
0.0153344400000000
0.0142421800000000
0.0126683200000000
0.0108450100000000
0.00897902800000000
0.00709904900000000
0.00516892100000000
0.00319297700000000
0.00118223900000000
-0.000845143700000000
-0.00284680100000000
-0.00468400100000000
-0.00605449100000000
-0.00657999100000000
-0.00609735300000000
-0.00473990400000000
-0.00307766800000000
-0.00137063300000000
0.000248719100000000
0.00164936100000000
0.00274919100000000
0.00355926700000000
0.00408080100000000
0.00418791900000000
0.00392837900000000
0.00354347600000000
0.00309446800000000
0.00260027200000000
0.00217761300000000
0.00197159200000000
0.00204795900000000
0.00228962300000000
0.00253230600000000
0.00277288400000000
0.00309137500000000
0.00353595900000000
0.00404000800000000
0.00440884000000000
0.00433485300000000
0.00355122600000000
0.00197790300000000
-0.000533795200000000
-0.00372797800000000
-0.00666388900000000
-0.00889789000000000
-0.0105026200000000
-0.0115994000000000
-0.0121752600000000
-0.0123832000000000
-0.0123268400000000
-0.0119852000000000
-0.0115461300000000
-0.0113660200000000
-0.0116881200000000
-0.0124777500000000
-0.0135256200000000
-0.0148259900000000
-0.0163281000000000
-0.0177897700000000
-0.0187906400000000
-0.0188220100000000
-0.0177430900000000
-0.0159798900000000
-0.0136486800000000
-0.0109585000000000
-0.00824586800000000
-0.00552807200000000
-0.00271530800000000
0.000208937400000000
0.00305912300000000
0.00548414500000000
0.00713838000000000
0.00797163300000000
0.00840787300000000
0.00879929200000000
0.00911037000000000
0.00914894100000000
0.00865008800000000
0.00747756200000000
0.00588582500000000
0.00427189900000000
0.00274504300000000
0.00126385100000000
-0.000225121400000000
-0.00171526900000000
-0.00314994900000000
-0.00449836900000000
-0.00580568700000000
-0.00713876800000000
-0.00852430100000000
-0.00992416800000000
-0.0112149400000000
-0.0122272200000000
-0.0128931500000000
-0.0133002000000000
-0.0134234000000000
-0.0130650300000000
-0.0120465100000000
-0.0101105200000000
-0.00721235100000000
-0.00387804500000000
-0.000501028000000000
0.00242743300000000
0.00436935700000000
0.00540307500000000
0.00630106200000000
0.00739150200000000
0.00871705600000000
0.0103389200000000
0.0123184100000000
0.0145614300000000
0.0166564100000000
0.0183342500000000
0.0195641400000000
0.0205897800000000
0.0216279800000000
0.0227224000000000
0.0238885900000000
0.0251902800000000
0.0266511400000000
0.0281016500000000
0.0291542100000000
0.0295384000000000
0.0293169400000000
0.0287163800000000
0.0275649600000000
0.0257408200000000
0.0235063600000000
0.0209557800000000
0.0182791200000000
0.0158027100000000
0.0136869300000000
0.0118613100000000
0.0101334900000000
0.00852108300000000
0.00708246000000000
0.00574407100000000
0.00440485600000000
0.00302543400000000
0.00164166900000000
0.000390703400000000
-0.000519292200000000
-0.000973847300000000
-0.00113616600000000
-0.00131048000000000
-0.00167338700000000
-0.00231251200000000
-0.00318997600000000
-0.00412094600000000
-0.00507874300000000
-0.00619390200000000
-0.00756221400000000
-0.00909371100000000
-0.0105479500000000
-0.0116804000000000
-0.0122593600000000
-0.0120354700000000
-0.0109273800000000
-0.00930095700000000
-0.00739366600000000
-0.00538399000000000
-0.00354617500000000
-0.00205565100000000
-0.000937530000000000
-0.000111842500000000
0.000397153800000000
0.000662334000000000
0.000764371000000000
0.000577905800000000
9.01742100000000e-06
-0.000786561100000000
-0.00155898600000000
-0.00223205800000000
-0.00282420700000000
-0.00328610300000000
-0.00356716900000000
-0.00371219000000000
-0.00380047600000000
-0.00372202200000000
-0.00330632300000000
-0.00256161100000000
-0.00174030800000000
-0.000982605400000000
-0.000331890600000000
0.000237194200000000
0.000888835100000000
0.00190151800000000
0.00351082700000000
0.00562061700000000
0.00775240600000000
0.00941962700000000
0.0101936600000000
0.0100109700000000
0.00948015100000000
0.00923284800000000
0.00947023900000000
0.0100346300000000
0.0105646000000000
0.0108246500000000
0.0106675500000000
0.0100738500000000
0.00920698200000000
0.00807700600000000
0.00682652900000000
0.00587440400000000
0.00559346000000000
0.00603260700000000
0.00678914000000000
0.00761017900000000
0.00837184800000000
0.00883258300000000
0.00869651200000000
0.00788136400000000
0.00666394400000000
0.00511185200000000
0.00336853700000000
0.00170294600000000
0.000231836000000000
-0.00106769100000000
-0.00229011700000000
-0.00331925600000000
-0.00396152500000000
-0.00419239800000000
-0.00412988000000000
-0.00377323200000000
-0.00325775900000000
-0.00297736800000000
-0.00329274800000000
-0.00433128600000000
-0.00590452100000000
-0.00797911300000000
-0.0103173400000000
-0.0124429200000000
-0.0137854000000000
-0.0136988300000000
-0.0117326300000000
-0.00819098400000000
-0.00375764500000000
0.000379980900000000
0.00346995400000000
0.00537770700000000
0.00631045500000000
0.00622087600000000
0.00515995300000000
0.00349898000000000
0.00140222300000000
-0.000760892800000000
-0.00269009100000000
-0.00430919400000000
-0.00570388700000000
-0.00682769900000000
-0.00745862600000000
-0.00744694600000000
-0.00675406700000000
-0.00547570600000000
-0.00364666300000000
-0.00139000200000000
0.00113402000000000
0.00357553100000000
0.00544689600000000
0.00670740300000000
0.00758907700000000
0.00801893300000000
0.00800149300000000
0.00784099400000000
0.00748864700000000
0.00671631600000000
0.00540878600000000
0.00355329900000000
0.00104312600000000
-0.00192143700000000
-0.00478834800000000
-0.00725822300000000
-0.00926141400000000
-0.0107682500000000
-0.0113347800000000
-0.0106324800000000
-0.00889859300000000
-0.00620604200000000
-0.00297930500000000
0.000293184000000000
0.00337293800000000
0.00605931400000000
0.00823391400000000
0.00990334400000000
0.0108408600000000
0.0108266200000000
0.00992871700000000
0.00854063400000000
0.00720592600000000
0.00615664900000000
0.00546432700000000
0.00525537100000000
0.00566016300000000
0.00650880900000000
0.00751904300000000
0.00866005700000000
0.00984085300000000
0.0107000800000000
0.0107417300000000
0.00974528800000000
0.00817235400000000
0.00669768600000000
0.00543672600000000
0.00423538800000000
0.00305420700000000
0.00195085400000000
0.000982228300000000
0.000173103700000000
-0.000315033200000000
-0.000331626300000000
-7.18986800000000e-05
-0.000121630300000000
-0.00106386200000000
-0.00313158700000000
-0.00594654900000000
-0.00902961300000000
-0.0120385000000000
-0.0146077400000000
-0.0165384600000000
-0.0179545600000000
-0.0191335700000000
-0.0199067300000000
-0.0200005200000000
-0.0192797800000000
-0.0172719000000000
-0.0139174700000000
-0.0100100700000000
-0.00594274700000000
-0.00202366000000000
0.00145300700000000
0.00438241700000000
0.00684232200000000
0.00872071600000000
0.00975616200000000
0.0100836700000000
0.0101022100000000
0.0100972800000000
0.0104079700000000
0.0111859400000000
0.0122579500000000
0.0133482600000000
0.0141148000000000
0.0140892800000000
0.0129292400000000
0.0108257300000000
0.00822021900000000
0.00539124900000000
0.00284690500000000
0.00104043700000000
-2.35420900000000e-05
-0.000413045800000000
-2.26571300000000e-05
0.000968494900000000
0.00230258500000000
0.00378404400000000
0.00517281300000000
0.00621139500000000
0.00670891700000000
0.00673124300000000
0.00649085400000000
0.00612466000000000
0.00571593500000000
0.00525338300000000
0.00471792900000000
0.00413644200000000
0.00350108300000000
0.00275434000000000
0.00186965700000000
0.000969530100000000
0.000344533800000000
0.000254622200000000
0.000658282100000000
0.00112878300000000
0.00138395200000000
0.00125632800000000
0.000688481100000000
-0.000155021400000000
-0.00116430600000000
-0.00231585100000000
-0.00342873000000000
-0.00416647900000000
-0.00430370800000000
-0.00396993600000000
-0.00355469000000000
-0.00315511500000000
-0.00271963400000000
-0.00223810300000000
-0.00173338000000000
-0.00115521900000000
-0.000400051000000000
0.000562381600000000
0.00154722500000000
0.00212895900000000
0.00189055600000000
0.000808583300000000
-0.000557678900000000
-0.00179618100000000
-0.00274118800000000
-0.00332468600000000
-0.00366424000000000
-0.00400168400000000
-0.00441354600000000
-0.00489135400000000
-0.00541814100000000
-0.00591949200000000
-0.00624443300000000
-0.00619706200000000
-0.00569362300000000
-0.00491750900000000
-0.00411741800000000
-0.00330220300000000
-0.00240693800000000
-0.00147721300000000
-0.000747338000000000
-0.000563493200000000
-0.00110154000000000
-0.00208845700000000
-0.00309128500000000
-0.00399745000000000
-0.00485465200000000
-0.00569470600000000
-0.00642664200000000
-0.00688473500000000
-0.00702552700000000
-0.00701763800000000
-0.00695622900000000
-0.00683729000000000
-0.00665615000000000
-0.00636309900000000
-0.00577105600000000
-0.00470575400000000
-0.00323331300000000
-0.00161015100000000
-0.000154709300000000
0.000650199300000000
0.000336444600000000
-0.00104313200000000
-0.00283007800000000
-0.00440444200000000
-0.00517308700000000
-0.00502393400000000
-0.00446678500000000
-0.00384089100000000
-0.00339888300000000
-0.00355093200000000
-0.00454750700000000
-0.00613859600000000
-0.00783835000000000
-0.00935166400000000
-0.0103834800000000
-0.0107285100000000
-0.0105274000000000
-0.00999272000000000
-0.00909810900000000
-0.00785720700000000
-0.00623569300000000
-0.00416132300000000
-0.00182008700000000
0.000471933000000000
0.00257055000000000
0.00444067500000000
0.00599479700000000
0.00716970100000000
0.00810828300000000
0.00900108200000000
0.00979667100000000
0.0103383200000000
0.0104904900000000
0.0101214600000000
0.00934978300000000
0.00851723500000000
0.00772264900000000
0.00692335200000000
0.00606066000000000
0.00505923500000000
0.00386493300000000
0.00249709900000000
0.00101407800000000
-0.000519959900000000
-0.00192037400000000
-0.00289754700000000
-0.00330931100000000
-0.00326467700000000
-0.00278485400000000
-0.00193705600000000
-0.000997106200000000
-0.000403425300000000
-0.000282544900000000
-0.000365034800000000
-0.000380982000000000
-0.000245814600000000
-3.91444000000000e-06
0.000207873400000000
0.000218887000000000
-0.000103607600000000
-0.000737812500000000
-0.00145182100000000
-0.00211631000000000
-0.00272993500000000
-0.00331081300000000
-0.00382455700000000
-0.00414014400000000
-0.00415857900000000
-0.00396728300000000
-0.00376394300000000
-0.00368814200000000
-0.00384591500000000
-0.00425549600000000
-0.00479835700000000
-0.00542928200000000
-0.00602533600000000
-0.00629056500000000
-0.00596045300000000
-0.00503866600000000
-0.00377535700000000
-0.00230054400000000
-0.000820440600000000
0.000477433100000000
0.00150946500000000
0.00233453700000000
0.00312411900000000
0.00372765300000000
0.00379829600000000
0.00310254900000000
0.00179138000000000
0.000203015300000000
-0.00146875800000000
-0.00288957000000000
-0.00360879700000000
-0.00350358600000000
-0.00276802200000000
-0.00169642600000000
-0.000429124500000000
0.000898183500000000
0.00211644400000000
0.00301501400000000
0.00336481700000000
0.00302151900000000
0.00217400700000000
0.00116097600000000
0.000403794800000000
0.000493756300000000
0.00172603700000000
0.00369247900000000
0.00571126900000000
0.00751173500000000
0.00898288200000000
0.0100451400000000
0.0108105700000000
0.0115362900000000
0.0122697500000000
0.0129722400000000
0.0136181700000000
0.0141514200000000
0.0145051800000000
0.0145853100000000
0.0141917500000000
0.0132762500000000
0.0120947300000000
0.0107552100000000
0.00940285600000000
0.00826876700000000
0.00744729700000000
0.00689982500000000
0.00668637100000000
0.00680873100000000
0.00702136300000000
0.00715716400000000
0.00719462500000000
0.00719286500000000
0.00722709100000000
0.00738555000000000
0.00775327200000000
0.00831087000000000
0.00886961200000000
0.00922766500000000
0.00917383800000000
0.00858736200000000
0.00751091700000000
0.00578667600000000
0.00335603300000000
0.000622329600000000
-0.00207272600000000
-0.00448357900000000
-0.00636601200000000
-0.00770716500000000
-0.00878181600000000
-0.00953935200000000
-0.00967217600000000
-0.00900657500000000
-0.00744965100000000
-0.00526228600000000
-0.00323385600000000
-0.00164021700000000
-0.000264017600000000
0.00111980800000000
0.00243393400000000
0.00338932900000000
0.00369716900000000
0.00312556600000000
0.00188940400000000
0.000606055600000000
-0.000449411000000000
-0.00116898600000000
-0.00130928500000000
-0.000791009500000000
7.65723900000000e-05
0.00103742000000000
0.00211532100000000
0.00335190300000000
0.00475793300000000
0.00633155400000000
0.00793964700000000
0.00928225800000000
0.0101191700000000
0.0104969600000000
0.0107786400000000
0.0110496200000000
0.0112228700000000
0.0112552900000000
0.0111664700000000
0.0108863900000000
0.0103616900000000
0.00971549600000000
0.00920186600000000
0.00904491600000000
0.00930783100000000
0.00978135600000000
0.0101824000000000
0.0102954700000000
0.00997150400000000
0.00928313800000000
0.00854261400000000
0.00777413100000000
0.00681134900000000
0.00553185500000000
0.00389989600000000
0.00177453200000000
-0.000812711900000000
-0.00349811500000000
-0.00612604400000000
-0.00864012000000000
-0.0109366500000000
-0.0128744800000000
-0.0144591000000000
-0.0159167100000000
-0.0172344000000000
-0.0181506900000000
-0.0184645500000000
-0.0182030600000000
-0.0174294000000000
-0.0163711900000000
-0.0150487100000000
-0.0135240100000000
-0.0120869700000000
-0.0109895500000000
-0.0103685400000000
-0.0101909400000000
-0.0104731600000000
-0.0110897200000000
-0.0119758200000000
-0.0131839100000000
-0.0145993500000000
-0.0159922700000000
-0.0172396400000000
-0.0183291100000000
-0.0193390200000000
-0.0202972900000000
-0.0211132400000000
-0.0216808300000000
-0.0219514800000000
-0.0218076000000000
-0.0210049600000000
-0.0195912000000000
-0.0180921100000000
-0.0167762000000000
-0.0155305900000000
-0.0141925300000000
-0.0127087900000000
-0.0111454800000000
-0.00959272500000000
-0.00806265900000000
-0.00648625800000000
-0.00475891600000000
-0.00280079500000000
-0.000688669100000000
0.00128570700000000
0.00285312600000000
0.00399229300000000
0.00498363400000000
0.00604190500000000
0.00724995500000000
0.00861644800000000
0.0100253700000000
0.0112157600000000
0.0117962700000000
0.0114768100000000
0.0104350300000000
0.00922018000000000
0.00800288700000000
0.00677213400000000
0.00548057100000000
0.00409395000000000
0.00268991900000000
0.00147475600000000
0.000754206900000000
0.000698459700000000
0.00109910700000000
0.00161730700000000
0.00217724600000000
0.00277403100000000
0.00337763500000000
0.00398087200000000
0.00458157700000000
0.00516150100000000
0.00562537100000000
0.00584474200000000
0.00580015900000000
0.00564922800000000
0.00551158600000000
0.00543769700000000
0.00544823800000000
0.00548819000000000
0.00538315300000000
0.00486928400000000
0.00377660200000000
0.00229474000000000
0.000906274800000000
-0.000160204300000000
-0.000948184900000000
-0.00166918500000000
-0.00240265100000000
-0.00306857500000000
-0.00358667000000000
-0.00397647500000000
-0.00433923900000000
-0.00468597300000000
-0.00496721800000000
-0.00514191600000000
-0.00524109100000000
-0.00536994200000000
-0.00555206400000000
-0.00566730700000000
-0.00544696100000000
-0.00456008200000000
-0.00272680200000000
0.000131464500000000
0.00339797200000000
0.00618337500000000
0.00825128000000000
0.00984539500000000
0.0109451000000000
0.0113831800000000
0.0111078100000000
0.0101374100000000
0.00890195400000000
0.00778351900000000
0.00702376400000000
0.00684118400000000
0.00736808400000000
0.00841596000000000
0.00966888600000000
0.0110364500000000
0.0123228400000000
0.0131099600000000
0.0129161800000000
0.0115718000000000
0.00938405600000000
0.00657487600000000
0.00345491200000000
0.000364476700000000
-0.00245802100000000
-0.00475573900000000
-0.00637188200000000
-0.00743434900000000
-0.00815946000000000
-0.00855987200000000
-0.00877424700000000
-0.00904619400000000
-0.0123644600000000
-0.0133696000000000
-0.0146779800000000
-0.0159537100000000
-0.0170343300000000
-0.0178858600000000
-0.0184839500000000
-0.0186330500000000
-0.0182334200000000
-0.0175325900000000
-0.0167531700000000
-0.0159101600000000
-0.0149958100000000
-0.0140505600000000
-0.0130940000000000
-0.0121494200000000
-0.0112792000000000
-0.0106285400000000
-0.0104050700000000
-0.0106649800000000
-0.0112114700000000
-0.0120068300000000
-0.0130604400000000
-0.0141165200000000
-0.0147292700000000
-0.0144898500000000
-0.0133915800000000
-0.0119000900000000
-0.00999938300000000
-0.00759504600000000
-0.00492049600000000
-0.00204591100000000
0.000860748300000000
0.00339417900000000
0.00522923300000000
0.00647657800000000
0.00762312500000000
0.00854322100000000
0.00869865300000000
0.00771113400000000
0.00579180300000000
0.00363392900000000
0.00141511300000000
-0.000912455300000000
-0.00324433300000000
-0.00523782500000000
-0.00649925600000000
-0.00701528400000000
-0.00724115500000000
-0.00723620200000000
-0.00694046200000000
-0.00649564900000000
-0.00596055400000000
-0.00532457900000000
-0.00461124800000000
-0.00387708800000000
-0.00305831000000000
-0.00199331100000000
-0.000603833000000000
0.000908314900000000
0.00209477300000000
0.00250534500000000
0.00196693800000000
0.000732897000000000
-0.00113263800000000
-0.00346388900000000
-0.00565638300000000
-0.00746034900000000
-0.00897545200000000
-0.0103798500000000
-0.0116164500000000
-0.0125549300000000
-0.0132015100000000
-0.0135488900000000
-0.0134435700000000
-0.0128911600000000
-0.0122273200000000
-0.0116739100000000
-0.0114029900000000
-0.0115419700000000
-0.0119890500000000
-0.0124338900000000
-0.0126729900000000
-0.0125691400000000
-0.0120833200000000
-0.0113516600000000
-0.0104049900000000
-0.00913461000000000
-0.00759415100000000
-0.00604851000000000
-0.00467401000000000
-0.00354856900000000
-0.00262188800000000
-0.00173221400000000
-0.000807583500000000
0.000173161900000000
0.00119003700000000
0.00212276300000000
0.00271558200000000
0.00267580800000000
0.00199155700000000
0.00110337400000000
0.000357320600000000
-7.78909700000000e-05
-0.000143795800000000
1.85334300000000e-05
0.000182955300000000
0.000207340500000000
-3.75928600000000e-05
-0.000635866900000000
-0.00147332100000000
-0.00230798300000000
-0.00311833400000000
-0.00400403600000000
-0.00502206100000000
-0.00611431200000000
-0.00711410300000000
-0.00781257100000000
-0.00807006200000000
-0.00799410300000000
-0.00787329900000000
-0.00780107800000000
-0.00775873000000000
-0.00772558900000000
-0.00767989500000000
-0.00761091800000000
-0.00752446700000000
-0.00743684400000000
-0.00736333600000000
-0.00731605600000000
-0.00729010300000000
-0.00725491600000000
-0.00715348800000000
-0.00693342700000000
-0.00661045900000000
-0.00630657100000000
-0.00615165400000000
-0.00620224700000000
-0.00636069800000000
-0.00638851700000000
-0.00609434700000000
-0.00543222400000000
-0.00454761000000000
-0.00354276000000000
-0.00242559400000000
-0.00132995400000000
-0.000552899400000000
-0.000387249400000000
-0.000840089500000000
-0.00152766500000000
-0.00227883700000000
-0.00313210400000000
-0.00404526100000000
-0.00486216600000000
-0.00539785000000000
-0.00555585600000000
-0.00540929000000000
-0.00501332200000000
-0.00438053200000000
-0.00362240500000000
-0.00274207900000000
-0.00168857600000000
-0.000518628300000000
0.000624434600000000
0.00161484700000000
0.00236411800000000
0.00290206300000000
0.00339078300000000
0.00386740000000000
0.00429160800000000
0.00464108600000000
0.00491036100000000
0.00504698600000000
0.00501274000000000
0.00487361400000000
0.00474903700000000
0.00472137900000000
0.00483049000000000
0.00504594900000000
0.00526774000000000
0.00542476800000000
0.00545341200000000
0.00531668800000000
0.00506749000000000
0.00481340100000000
0.00455625600000000
0.00424446400000000
0.00385281900000000
0.00341244000000000
0.00296629400000000
0.00254220500000000
0.00216671200000000
0.00185221800000000
0.00156491800000000
0.00120932900000000
0.000650938400000000
-0.000184464600000000
-0.00117506400000000
-0.00205583500000000
-0.00271648300000000
-0.00317902800000000
-0.00345423600000000
-0.00338912700000000
-0.00287457700000000
-0.00204155200000000
-0.00102880100000000
8.18579400000000e-05
0.00116017000000000
0.00211492800000000
0.00288303500000000
0.00346521500000000
0.00394352300000000
0.00429153700000000
0.00448699500000000
0.00461323900000000
0.00475114600000000
0.00496543000000000
0.00530246900000000
0.00573356600000000
0.00615521200000000
0.00656055400000000
0.00700114000000000
0.00750174700000000
0.00801597400000000
0.00843290600000000
0.00862217000000000
0.00851212700000000
0.00817672500000000
0.00772507700000000
0.00717123100000000
0.00655317000000000
0.00592681400000000
0.00528402900000000
0.00461686400000000
0.00396363900000000
0.00339429300000000
0.00297473300000000
0.00271526400000000
0.00253882500000000
0.00238109800000000
0.00223765600000000
0.00211887600000000
0.00202414800000000
0.00195177500000000
0.00194106800000000
0.00204661800000000
0.00227111400000000
0.00252401500000000
0.00269837900000000
0.00273913000000000
0.00266956600000000
0.00258569200000000
0.00251875800000000
0.00247272500000000
0.00247390700000000
0.00256656100000000
0.00277299200000000
0.00304278500000000
0.00330343700000000
0.00353620200000000
0.00374757900000000
0.00394620500000000
0.00413939100000000
0.00433104200000000
0.00452365900000000
0.00471236200000000
0.00488234300000000
0.00501863600000000
0.00511125700000000
0.00516593300000000
0.00520577000000000
0.00523445200000000
0.00524805800000000
0.00524924400000000
0.00524278200000000
0.00522861200000000
0.00520435900000000
0.00516850800000000
0.00511938500000000
0.00504786600000000
0.00494402900000000
0.00480465000000000
0.00461724900000000
0.00437678700000000
0.00412490800000000
0.00392961900000000
0.00383165300000000
0.00383263800000000
0.00390051400000000
0.00397282000000000
0.00401722000000000
0.00403132500000000
0.00402064500000000
0.00398658000000000
0.00392525700000000
0.00384807400000000
0.00377437400000000
0.00371294100000000
0.00366656700000000
0.00363570500000000
0.00362493300000000
0.00363233700000000
0.00364219200000000
0.00364884700000000
0.00365464300000000
0.00365741000000000
0.00364653900000000
0.00360896200000000
0.00354092900000000
0.00345535200000000
0.00336733700000000
0.00327763500000000
0.00318421100000000
0.00309024200000000
0.00299936700000000
0.00291295500000000
0.00283113000000000
0.00275321500000000
0.00267845600000000
0.00260685700000000
0.00253855000000000
0.00247323600000000
0.00241003000000000
0.00234805100000000
0.00228796800000000
0.00223256400000000
0.00218511600000000
0.00214604500000000
0.00211056500000000
0.00207338400000000
0.00203403200000000
0.00199380500000000
0.00195312200000000
0.00191098900000000
0.00186592300000000
0.00181694700000000
0.00176467600000000
0.00171185800000000
0.00166141800000000
0.00161444400000000
0.00156910500000000
0.00152225600000000
0.00147336200000000
0.00142221000000000
0.00136721000000000
0.00130643400000000
0.00123968500000000
0.00117002800000000
0.00110071600000000
0.00103230500000000
0.000965281000000000
0.000900935600000000
0.000839863400000000
0.000781546800000000
0.000724651900000000
0.000669030000000000
0.000614528400000000
0.000560268400000000
0.000505794100000000
0.000451095300000000
0.000396396000000000
0.000342030100000000
0.000288075100000000
0.000234487700000000
0.000181254200000000
0.000128438300000000
7.61744900000000e-05
2.45602900000000e-05
-2.63423300000000e-05
-7.65198800000000e-05
-0.000126025300000000
-0.000174925600000000
-0.000223240300000000
-0.000270925100000000
-0.000317856500000000
-0.000363898400000000
-0.000409016700000000
-0.000453214300000000
-0.000496498800000000
-0.000538898100000000
-0.000580445900000000
-0.000621133500000000
-0.000660938100000000
-0.000699839700000000
-0.000737817200000000
-0.000774851300000000
-0.000810930900000000
-0.000846047800000000
-0.000880192700000000
-0.000913355700000000
-0.000945526400000000
-0.000976695400000000
-0.00100685500000000
-0.00103599800000000
-0.00106411700000000
-0.00109120400000000
-0.00111725200000000
-0.00114225600000000
-0.00116620900000000