-0.000374745
-0.000381289
-0.0003864
-0.000416046
-0.000440409
-0.000473067
-0.000479307
-0.000486514
-0.000508165
-0.000596549
-0.000812647
-0.000765864
-0.000748416
-0.000870639
-0.000712923
-0.000379079
-0.000721373
-0.00163303
-0.00077999
-0.00147809
-0.00238522
-0.0014764
-0.00224139
-0.00157777
-0.00101668
-0.00150458
-0.00159091
0.000722776
0.000627352
-0.000578946
-0.000352793
0.00115461
0.00196128
-0.000663591
-0.00199621
-0.002709
-0.00437052
-0.00251567
0.000111755
0.00408223
0.00159095
0.000793165
-0.000616574
0.00155784
0.00303402
0.00436158
0.00723481
0.00555719
0.00245436
0.00636967
0.00379661
0.00101199
0.0034865
0.00229044
0.00126713
-0.00173906
-3.46289e-05
-0.00388733
-0.00359298
0.00166743
0.000619123
-0.00624083
-0.00745868
-0.0021077
0.00587163
0.0044168
0.0041202
0.0087516
0.00810452
0.013664
0.00169694
-0.00590679
-0.0068524
-0.00197841
-0.00306022
-0.00755285
-0.0145476
-0.0102309
-0.0206718
-0.0120874
0.000229344
-0.00246638
0.00333976
-0.00406771
0.0032634
0.000315923
-0.00642847
0.0199388
0.0262548
0.0359789
0.0184489
-0.00799421
-0.00249139
0.00973835
0.00452324
0.00271395
-0.0104239
-0.0186668
-0.0332158
-0.039902
-0.0319845
-0.0150159
0.000521392
0.0109892
0.0296107
0.0647838
0.0494496
0.0188523
0.0323109
0.0457884
0.0223475
0.0196394
-0.00979371
0.00355763
0.020534
0.0545969
0.0438054
0.0533889
0.0448784
0.0227908
0.00769181
0.00725665
-0.00159044
-0.03794
-0.0169543
-0.0209238
-0.00609458
0.000893536
0.0281592
0.0224262
0.0290036
0.0153333
-0.0221323
0.00879485
0.0326857
-0.00396296
-0.0219896
-0.0164366
0.00945115
-0.00675774
-0.0256092
-0.0117101
-0.0272677
-0.0309151
-0.0274798
-0.00640013
-0.0121607
-0.0182418
-0.0149998
-0.0585618
-0.0572447
-0.0240929
-0.000400359
0.0181661
-0.0144129
-0.064391
-0.0508429
-0.059373
-0.0868227
-0.0964436
-0.124541
-0.136984
-0.079166
-0.0415553
-0.0477184
-0.0408203
-0.0419187
0.0190122
-0.011167
-0.0297039
-0.00959074
-0.0508287
-0.068206
-0.129619
-0.0815802
-0.00368682
-0.0344236
-0.0832565
-0.00169745
0.0117874
-0.0304357
-0.000644493
-0.00867013
0.0342267
0.0140861
0.00319924
-0.0171327
-0.0219064
-0.0600905
-0.0650235
-0.0701346
-0.037977
0.0263817
-0.00395611
0.00279606
-0.0040358
-0.042117
0.00192352
-0.0193381
-0.123467
-0.0647001
-0.114956
-0.148481
-0.132938
-0.135164
-0.0627857
-0.0568172
-0.0358052
-0.0268079
-0.0929032
-0.0502123
-0.0255262
0.113693
0.210353
0.159093
0.20676
0.208496
0.0902174
0.179104
0.204677
0.306386
0.346676
0.311494
0.259993
0.241231
0.188368
0.0237313
-0.0221818
-0.0535306
0.0989832
0.0381146
0.0334322
0.0321999
0.000230858
0.04544
0.10497
0.040752
-0.0346292
-0.0259015
-0.041655
-0.0732237
-0.0401615
-0.190907
-0.123633
-0.151573
-0.0761895
-0.0523303
-0.0224651
-0.0297619
-0.0306613
0.0352371
-0.0231456
-0.0789394
-0.20987
-0.15144
-0.121692
-0.104831
-0.126985
-0.0494258
-0.0146965
-0.0542491
0.0612681
0.254529
0.207026
0.191239
0.074896
0.164699
0.330471
0.269901
0.127658
0.177316
0.127219
0.104791
0.122983
0.0139468
-0.0839265
-0.153055
-0.105765
-0.0667968
-0.221458
-0.229971
-0.110987
0.0420384
0.05906
-0.00712202
-0.166552
-0.0198803
-0.00596817
-0.190846
-0.223624
-0.272757
-0.166003
-0.0979019
-0.139047
0.015701
0.0440608
0.0714273
-0.309753
-0.326154
-0.435661
-0.15765
-0.192075
-0.047747
-0.10326
-0.204843
-0.00894112
0.095017
-0.130821
-0.0957068
-0.00661477
0.118138
0.292955
0.301084
0.107603
0.176953
0.20792
0.131657
0.21287
0.235122
0.339235
0.377128
0.469926
0.459235
0.121224
-0.0248427
-0.0366037
0.063686
-0.179334
-0.159504
-0.149626
-0.118224
-0.126073
-0.230979
-0.26025
-0.142438
-0.185087
-0.183927
-0.188105
-0.25507
0.235103
0.163288
0.234872
0.187339
0.320645
0.199823
0.146667
0.203305
0.0406247
0.219905
0.237112
0.0878822
-0.0469811
0.026155
-0.0307536
0.0244688
-0.122295
-0.129522
-0.252309
-0.193842
-0.301293
-0.376884
-0.351502
-0.581829
-0.686821
-0.65267
-0.591073
-0.478409
-0.361036
-0.37106
-0.163027
-0.105978
-0.0482083
0.176956
-0.0622694
0.132401
0.378674
0.530533
0.462886
0.451229
0.405093
0.365347
0.370665
0.377766
0.254591
0.209655
-0.0893968
-0.0906909
-0.0958652
-0.298724
-0.091989
-0.243844
-0.129537
-0.636445
-0.527222
-0.471782
-0.0940564
-0.14855
-0.249642
-0.161278
-0.27839
0.0979237
-0.0575519
-0.0809941
-0.0563451
-0.551961
-0.60293
-0.638351
-0.570971
-0.170458
0.10282
0.263353
0.16835
0.13975
0.360295
0.704882
0.608576
0.287309
0.421121
0.182221
0.0184159
0.425259
0.354276
0.360704
0.151272
0.270839
0.237208
0.26545
0.0944663
0.284585
0.62565
0.338359
0.242609
0.191964
-0.0182578
0.180548
0.455573
0.500555
0.422832
0.427228
0.454707
0.430536
0.295423
0.172875
0.21551
0.0447121
0.0783068
-0.161213
-0.293761
-0.380447
-0.601934
-0.552141
-0.604643
-0.473846
-0.527738
-0.575741
-0.376737
-0.156073
-0.0452003
0.326686
0.00377198
0.289627
-0.0817391
0.0584322
0.124711
-0.0343065
-0.261566
-0.0790985
-0.211461
-0.239211
0.0357937
0.0823534
0.129471
0.176007
0.16817
0.104087
0.141867
-0.00630735
-0.365202
-0.296459
-0.0717963
-0.162593
-0.00769234
0.365514
0.178514
0.144697
-0.183494
-0.076913
-0.548696
-0.483419
-0.571242
-0.340422
-0.511379
-0.696539
-0.762933
-0.769722
-0.318262
0.0586927
0.134814
0.394094
0.432784
0.37067
0.454117
0.378435
0.283022
0.224962
-0.0578768
-0.0733531
-0.0362219
0.383217
0.657393
0.459637
0.605838
0.525693
0.527364
0.399824
0.333823
0.15379
0.0787763
-0.0674442
-0.281873
-0.143759
-0.4877
-0.466105
-0.574072
-0.542049
-0.419135
-0.333747
-0.222619
-0.366926
-0.260349
-0.13728
0.0052693
0.151017
0.718698
0.671965
0.802162
0.559966
0.375972
0.411397
0.258573
-0.0830836
-0.2772
-0.216625
-0.0117168
-0.10314
0.248283
0.398282
0.47423
0.355834
0.40303
0.512458
0.48785
0.324582
0.406056
0.400396
0.674148
0.862067
0.76865
0.435257
0.340676
0.146503
0.0548668
-0.0480518
-0.172599
-0.0517597
-0.0368185
0.559042
0.530398
0.173942
0.0172286
-0.418473
-0.215685
-0.123666
-0.156088
-0.185376
-0.174849
-0.0654472
-0.44008
-0.159781
0.00388351
0.309425
0.414342
0.320759
0.0739853
0.165846
-0.213454
-0.385966
-0.564318
-0.179102
-0.298528
-0.275105
-0.223446
0.222022
0.388467
0.613645
0.504537
0.243472
0.350605
0.345961
0.215029
0.229822
0.254807
0.0757063
-0.264679
-0.131192
-0.279793
-0.328974
0.0479378
-0.172489
-0.127058
-0.0183151
-0.166697
-0.0658084
-0.104626
-0.0361698
0.147035
0.122286
-0.135772
0.0484538
-0.485636
-0.782269
-0.631369
-0.62746
-0.695378
-0.777969
-0.538923
-0.348442
-0.000648203
-0.195093
-0.0311544
-0.200018
-0.172456
-0.164862
-0.278619
-0.18685
-0.00817124
-0.112744
-0.0624857
-0.0814046
-0.158819
-0.231113
0.0722375
0.0142515
-0.192302
0.0819025
-0.00365051
0.088892
0.311337
0.200791
0.297575
0.184496
-0.0834676
0.130802
0.293737
-0.131394
-0.252439
-0.207887
-0.456625
-0.292385
-0.377394
-0.124016
-0.253237
-0.339828
-0.455871
-0.529335
-0.267891
0.113724
0.143895
0.363751
0.156038
-0.13387
0.230735
0.19715
-0.0187356
0.226907
0.154748
0.132135
0.214411
0.0741616
-0.0428356
-0.11383
-0.0648472
-0.28816
-0.16928
-0.0403891
-0.200875
-0.259921
0.074218
-0.107813
-0.251148
-0.305948
-0.269645
0.0158954
-0.127359
0.0388166
-0.16009
-0.14964
-0.0815594
-0.0589125
-0.271677
-0.189559
-0.225512
0.178174
0.229248
0.523417
0.619365
0.471541
0.409391
0.383853
0.530472
0.529035
0.543712
0.513458
0.349067
-0.0968523
0.113046
0.349029
0.274726
-0.138487
-0.28583
-0.179613
-0.109834
0.115228
-0.205531
-0.358048
-0.516681
-0.456513
-0.186522
-0.428312
-0.0242738
0.209278
-0.0635342
-0.0397497
0.0290753
0.0232667
-0.199917
0.169786
0.473149
0.672391
0.74112
0.494845
0.3582
0.0458766
0.0734517
0.129868
-0.0580601
-0.29743
-0.419847
-0.355811
-0.143648
0.130138
0.236197
-0.0684696
0.058908
-0.0843376
-0.187954
-0.22938
-0.323115
-0.464609
-0.428521
-0.341728
-0.508622
-0.123599
0.110066
0.314548
0.0562702
0.126885
0.285354
0.449995
0.582512
0.512092
0.238371
-0.0477797
-0.117442
0.0950147
-0.2417
-0.092346
-0.45221
-0.287939
-0.235092
-0.372566
-0.183452
-0.00942637
-0.0552543
-0.242996
-0.0659576
0.0848905
-0.0177768
0.13188
0.196879
0.101231
0.232078
0.164612
0.129152
0.39604
0.414004
0.0793623
0.0053645
-0.136735
-0.366664
-0.377003
-0.105338
-0.0772282
-0.294825
-0.0690823
0.0802739
-0.291791
0.0460944
0.184011
0.243861
0.066099
0.0579069
0.0758359
-0.0552958
-0.117361
-0.109694
0.167662
0.454864
0.59878
0.418651
0.484591
0.197438
0.186548
-0.139167
-0.303596
0.112047
0.218708
0.107151
0.258625
-0.0456563
-0.172976
-0.02202
0.0482838
-0.222279
-0.242917
-0.612447
-0.0401697
0.206539
0.11946
-0.0667054
0.00276216
0.0651196
-0.0330171
-0.366686
-0.0874288
0.00482845
-0.184861
-0.0674847
-0.461312
-0.273061
0.153311
0.346971
0.353046
0.0942941
0.0393699
0.302529
0.166665
0.154162
0.223635
0.337907
0.179227
0.155198
-0.148038
-0.265806
-0.294879
-0.0749373
-0.185199
-0.288769
-0.400285
-0.313978
-0.214831
-0.551516
-0.253663
-0.216779
-0.235441
0.21963
0.163509
-0.073832
-0.302725
-0.584856
-0.441578
-0.690337
-0.758343
-0.759428
-0.516085
-0.1549
-0.345313
-0.388007
-0.0655994
0.0736541
0.277966
0.453299
0.69011
0.678774
0.622436
0.525956
0.478248
0.485826
0.708915
0.249019
0.12826
0.277353
0.4093
0.24221
0.0942784
0.0517724
-0.291187
-0.408412
-0.478477
-0.658465
-0.724575
-0.89728
-0.509627
-0.518808
-0.544778
-0.500173
-0.239271
-0.0738093
-0.200913
-0.0538651
-0.0715472
-0.206005
-0.327074
-0.460915
-0.371199
-0.354533
-0.130485
0.305328
0.442076
0.560324
0.433802
0.164475
0.302644
0.32785
0.176378
-0.0642547
0.0245424
0.121309
0.00076356
-0.184843
-0.560858
-0.643438
-0.602604
-0.305641
-0.537917
-0.514798
-0.1396
0.0344849
-0.446969
-0.319772
-0.0772244
0.170862
0.256623
0.213779
0.236455
0.252539
-0.0483675
-0.382006
-0.198479
-0.497361
-0.228949
-0.0310035
0.234268
0.228141
0.145423
-0.126015
-0.0410085
-0.00329796
0.172068
0.285273
0.403394
0.367979
0.263138
0.429705
0.558456
0.165558
0.308582
0.675793
0.374852
0.234349
-0.16137
-0.234216
-0.261892
-0.149892
-0.146048
-0.276089
-0.35117
-0.423899
-0.00449136
-0.0233179
-0.0656247
0.192972
0.520269
0.346792
0.117206
0.212546
-0.015902
0.0524007
0.0810482
-0.110987
-0.000319976
0.121373
0.00248157
-0.205485
-0.108338
0.0451729
0.0796783
-0.268692
-0.435351
0.069694
0.267961
0.378881
0.286848
0.00552803
-0.104002
0.0524592
0.199728
0.357387
0.129412
0.476374
0.0861571
0.462778
0.153418
-0.126742
-0.140782
-0.179693
-0.143691
0.0809348
0.0464835
-0.057735
0.0588375
0.10187
0.349102
0.126593
0.39256
0.308131
-0.060652
-0.0920689
-0.261897
-0.0872912
0.12453
0.212804
0.386283
0.400595
0.151837
-0.198234
-0.00251281
-0.197858
-0.427755
-0.0320894
0.131645
0.268751
0.340167
0.569067
0.328576
-0.0569501
-0.1871
0.0141443
-0.208036
-0.206792
0.00936651
0.365064
0.22036
0.271354
0.227701
0.193053
-0.0951422
-0.164204
0.0363063
-0.199597
-0.301523
-0.221618
-0.0982846
-0.168369
-0.0319422
-0.210802
-0.0858983
-0.0037674
0.0159712
-0.114681
-0.330373
-0.516465
-0.115419
0.127271
-0.174755
-0.0151081
-0.0359154
0.236469
0.218036
0.460263
0.44876
0.21699
0.181331
-0.143288
-0.0955447
-0.00889259
0.187788
0.390416
0.482583
0.570986
0.290663
0.279518
-0.193531
0.123194
0.00700565
0.249168
0.450744
0.46549
0.252733
0.278524
-0.0177645
0.0737892
0.130871
-0.000927584
-0.320342
-0.104121
-0.082346
0.0771972
0.159437
0.0854983
-0.0191407
-0.113347
0.0761123
0.216685
0.152389
0.168616
0.296803
0.284676
0.247777
0.208894
0.261011
0.337083
0.265287
0.264259
0.255807
0.0945884
0.166656
-0.0281939
-0.320434
-0.176958
-0.399708
-0.331074
-0.712785
-0.636345
-0.363803
-0.174495
-0.347213
-0.0716682
0.112032
0.0647832
0.126416
0.0950503
-0.362651
-0.442498
-0.217632
0.29465
0.413397
0.313364
0.166068
0.188895
-0.260494
-0.0588513
-0.299823
-0.399186
-0.305942
-0.444251
-0.366294
-0.158508
-0.0478298
0.25989
0.354623
0.242752
0.250304
-0.0312473
-0.107094
0.1865
0.194025
0.231763
0.328753
0.252698
0.456343
0.328181
0.278871
0.329721
0.0950536
-0.084806
-0.0843328
-0.0208646
-0.0502573
-0.331885
-0.336619
-0.26256
0.0700953
-0.120912
0.034295
0.127649
0.356654
0.591137
0.558504
0.699733
0.789022
0.485351
0.0762181
0.19165
0.422141
0.389928
0.0313378
-0.280213
-0.334261
-0.245038
-0.179163
0.0212488
0.134018
0.162071
0.240145
-0.378068
-0.846137
-0.526628
-0.324782
-0.358929
-0.245563
-0.484428
-0.20268
-0.147342
-0.0107745
0.284545
0.188125
-0.17306
-0.0640302
-0.0318114
-0.0472194
0.0486561
0.0770418
0.23283
0.248141
0.477444
0.368268
0.209526
-0.0186902
-0.130087
0.156298
0.219583
0.394868
0.308176
0.422706
0.407746
-0.049648
-0.0705721
0.152406
0.538335
0.375526
0.113612
0.300239
0.311785
0.181271
0.118146
-0.242258
-0.180901
-0.269732
0.0514458
0.395164
0.232103
-0.154881
-0.189091
-0.0767919
-0.077381
-0.312764
-0.166316
-0.551772
-0.663701
-0.486266
-0.332756
-0.317025
-0.598904
-0.623906
-0.323714
0.0563659
-0.168002
0.174242
0.395317
0.255702
0.104532
0.0105611
-0.157159
-0.2993
-0.464208
-0.694829
-0.590943
-0.440291
-0.363697
-0.288259
-0.329907
-0.112081
-0.106966
-0.593344
-0.629486
-0.570009
-0.228116
-0.22281
0.383069
0.44965
0.293308
-0.0418075
0.0983318
0.272812
0.293437
0.137565
0.29242
0.152313
0.249851
0.385651
0.58231
0.38086
-0.118563
-0.237346
0.0562188
0.0704669
0.0195158
-0.163822
-0.234835
-0.521655
-0.681151
-0.575319
-0.630508
-0.472877
-0.584643
-0.820569
-0.712667
-0.503486
-0.314388
-0.167188
-0.0668181
-0.112587
-0.240138
-0.226782
-0.474863
-0.570851
-0.901126
-0.76784
-0.553588
-0.479455
-0.222581
0.0591891
0.345886
0.291545
0.428198
0.364424
0.497298
0.205339
0.0564911
0.376094
0.345785
-0.0377708
-0.159589
0.143613
-0.0305905
-0.0810738
0.0386405
0.00520986
-0.205305
-0.0567464
0.0169821
0.258185
0.243621
-0.0464425
-0.109767
-0.0350342
-0.150123
0.211053
0.232307
-0.042765
0.156097
0.385373
0.0938108
0.121394
-0.00014485
0.255271
0.335322
0.0622863
-0.00522939
-0.10826
-0.0134848
0.0265489
0.00119276
0.222169
0.289243
0.362463
0.206789
0.00543559
0.198405
-0.0306327
0.162189
0.363425
0.232043
0.371557
0.429023
0.295259
0.18853
0.0793297
0.0310238
0.305235
0.328294
-0.083763
-0.0224664
-0.02526
0.178405
0.132381
0.1554
0.129454
0.0536157
0.188437
-0.0626631
0.0276125
0.171027
0.0210261
-0.0145896
-0.213363
-0.133441
-0.13855
-0.159697
-0.300719
-0.191703
0.23477
0.227312
-0.0145868
-0.0741947
-0.252097
-0.376178
-0.201373
-0.452224
-0.599839
-0.684903
-0.686933
-0.701708
-0.440597
-0.455297
-0.555104
-0.299535
-0.358159
0.158101
0.0470008
0.0343296
0.130108
0.068685
-0.0640483
0.0289747
0.253136
0.338485
0.495124
0.444081
0.337263
0.0581262
0.172598
0.0181796
0.259194
0.479873
0.235315
-0.0852981
0.272199
0.276585
0.408913
0.456742
0.315388
0.452215
0.614661
0.184187
-0.158591
-0.349791
-0.439041
-0.394709
-0.573093
-0.843258
-0.520041
-0.185821
0.124667
0.293882
0.0739571
0.376739
0.181722
-0.174537
-0.176953
-0.0275614
0.0310448
0.294612
0.0714495
-0.000984786
-0.105346
-0.00686564
-0.24454
-0.374387
-0.546111
-0.708229
-0.545725
-0.788946
-0.51236
-0.508912
-0.271241
-0.0336549
0.131238
-0.14384
0.0468451
0.0762878
0.301245
-0.0303249
-0.0491953
-0.136021
-0.0542017
0.394799
0.208469
0.275961
0.391754
0.348263
0.164544
0.137876
0.0947761
0.114469
-0.396696
-0.304411
-0.46551
-0.243936
-0.335183
-0.0892183
0.115099
0.108376
0.0883769
-0.369786
-0.477535
-0.00659798
0.0786654
0.214523
0.432002
0.297527
0.273252
0.482438
0.491758
0.627987
0.403926
0.198776
0.144917
0.261696
0.156178
0.0280911
-0.109819
-0.202182
-0.513294
-0.432815
-0.0466783
0.203756
0.315338
0.429781
0.502431
0.307638
0.18954
0.109224
-0.0903978
0.0197188
0.310193
0.197677
0.171801
0.0227696
-0.0819983
-0.160244
-0.446984
-0.792064
-0.945805
-0.950541
-0.742461
-0.404183
-0.251196
0.141777
0.0675006
0.407883
0.351147
0.142969
0.0582114
0.209445
0.184355
0.0875118
0.194791
0.333034
0.611838
0.788661
0.37146
0.201568
0.257983
-0.11967
-0.164701
0.140998
0.00857294
0.0283179
-0.0752281
-0.0604238
0.0406402
0.0550078
0.135676
0.119247
-0.00645125
-0.402037
-0.00183572
-0.282485
0.0390193
0.228371
0.245608
0.434194
0.473317
0.321039
0.18136
-0.204186
-0.255622
0.0576114
0.098491
0.11564
0.157044
-0.252535
-0.25331
-0.166387
-0.123654
-0.13393
-0.0520304
0.445898
0.584767
0.467823
0.619632
0.455113
0.538215
0.40067
0.113769
-0.0552732
-0.26081
0.065029
0.176287
0.167071
0.335859
0.168438
0.208466
0.0933999
0.199476
-0.127358
-0.244139
-0.108715
-0.166016
0.0178255
-0.471822
-0.504709
-0.301037
-0.160211
0.0151042
-0.0368701
-0.159543
-0.351077
-0.237408
-0.27333
0.00552526
0.0664881
-0.314515
-0.716509
-0.51215
-0.458438
-0.436624
-0.303163
-0.0746448
0.251068
0.498442
0.505338
0.51967
0.260633
-0.171956
-0.00199109
0.214367
0.523962
0.194981
-0.198796
-0.259941
-0.142832
-0.183822
-0.0804502
-0.0931904
-0.0732299
-0.277016
-0.343389
-0.228177
-0.436001
-0.53705
-0.669231
-0.85341
-0.651205
-0.390664
0.0050896
-0.137597
-0.0424829
-0.0517471
0.308771
0.45405
0.0863115
-0.0217681
-0.069161
0.215356
0.207488
0.296884
0.356219
-0.0421904
0.0880246
0.0581679
-0.0123266
-0.35624
-0.53319
-0.789949
-0.600567
-0.0147038
0.455231
0.452898
0.206955
0.330463
0.112686
0.329929
0.154204
0.0654926
0.0305472
0.434254
0.359435
0.0169276
0.0713329
0.405381
0.105382
-0.141832
0.102112
0.020076
0.153338
0.452236
0.199596
0.196697
0.334606
0.273802
-0.00824712
-0.326879
0.147728
-0.146352
0.0425567
0.128266
0.0938148
0.0717652
-0.233765
-0.18632
-0.206692
-0.256351
-0.0828557
0.190178
0.193776
0.0194731
-0.476382
-0.163777
0.0452943
0.164753
0.318425
0.173063
-0.0012302
-0.39554
-0.395752
-0.428507
-0.245195
-0.367457
-0.260708
-0.0730706
-0.0591987
-0.154015
0.00566478
0.0375286
-0.0268261
0.206778
0.325517
0.130325
0.136775
-0.177147
-0.443836
-0.320251
-0.431053
-0.226597
0.112755
0.137229
0.217227
0.296581
0.265961
0.0431565
0.298204
0.10339
0.114987
0.0538607
-0.00285445
0.0820099
0.135345
0.348937
0.332623
0.115037
0.364535
0.368639
0.571395
0.206477
-0.123863
-0.0946966
-0.237281
-0.293047
0.106135
-0.14597
-0.167164
-0.323686
-0.284273
-0.0838338
0.0948066
-0.00323638
-0.0865375
-0.19573
-0.106079
0.115525
0.591957
0.503239
-0.00184288
-0.283744
0.053516
0.0299252
-0.37594
-0.165748
0.174942
-0.0551357
-0.257755
-0.324751
-0.392703
-0.430741
-0.31021
-0.449476
-0.405313
0.329153
0.373137
-0.132742
-0.498325
-0.452828
-0.528711
-0.328777
-0.122306
-0.292738
-0.212727
-0.125433
-0.246635
-0.0499386
0.127623
0.297883
0.505281
0.244423
0.131965
0.252849
0.182785
0.00702279
0.145391
-0.121405
0.006368
-0.202165
-0.13838
0.157832
0.138662
0.237388
-0.0831052
-0.172559
-0.00616295
-0.0878724
0.203471
0.272939
0.378454
0.427277
0.326923
0.361798
0.179917
-0.134854
0.145524
0.314689
0.0848656
-0.0824557
-0.0875825
0.17173
0.192297
-0.0202402
-0.319934
-0.350203
-0.272194
-0.144204
-0.271487
-0.290413
-0.294824
-0.176136
-0.17009
-0.0906472
0.225127
0.457258
-0.019335
-0.161343
-0.103396
-0.165951
-0.368157
-0.607699
-0.407655
-0.182078
-0.395342
-0.317253
-0.201751
-0.171005
-0.256838
-0.499386
-0.433977
-0.446055
0.00138033
0.223597
0.109599
-0.0689174
-0.23325
-0.161149
-0.160303
-0.220235
-0.0522866
-0.0609185
0.14298
0.236719
0.493461
0.574415
0.773713
0.65511
0.548981
0.77535
0.37848
0.429244
0.385279
0.440359
0.400511
0.598066
0.201385
-0.099987
-0.164137
-0.27537
-0.251231
-0.0363004
-0.117553
-0.128558
0.292669
0.467701
0.31628
0.140786
0.161307
0.349385
0.333038
0.0248211
-0.262883
-0.0667238
0.0873723
-0.00939575
-0.0492062
-0.216266
0.296167
-0.00290216
-0.0914286
-0.0121906
0.323401
0.532828
0.772821
0.392709
0.142561
0.00108669
-0.35608
-0.42444
-0.465291
-0.339313
-0.167619
-0.132326
-0.149061
-0.00137255
-0.0837423
-0.249094
-0.348045
-0.204867
-0.237599
-0.126401
-0.0229776
-0.0903089
-0.136945
-0.391346
-0.48012
-0.414839
-0.248118
0.0330749
-0.219671
-0.192959
-0.0726222
0.0764394
0.263855
0.165236
0.186928
0.161298
0.305367
0.205687
0.0990116
0.0365057
0.0528944
-0.105933
0.105936
0.109245
-0.0286552
-0.0894213
-0.219675
-0.0345085
0.201441
0.289435
0.150898
0.0205403
0.0855258
0.136971
0.263438
0.564598
0.654203
0.330112
-0.201988
-0.284235
-0.26192
-0.0548525
0.281404
0.193355
-0.172863
-0.103168
-0.163301
-0.380434
-0.417813
-0.288533
0.157612
0.300041
0.680505
0.725984
0.390494
0.445808
0.516466
0.187937
0.0130241
0.26654
-0.0652493
0.0523091
0.182937
0.0570426
-0.220801
-0.063973
-0.0345887
0.211226
0.115023
0.282011
0.0771676
0.0508462
0.13876
0.0929944
0.145263
-0.0235096
0.09697
-0.0227216
0.0264538
0.179132
0.0882032
0.086843
0.334353
0.0304799
-0.211079
0.0613469
0.392021
0.120992
0.145362
-0.0106964
-0.131403
-0.38076
-0.247834
-0.180573
-0.211626
-0.263652
0.11646
0.296843
0.0742852
-0.115362
-0.172098
-0.194428
-0.242483
-0.37451
-0.324194
-0.407405
-0.249786
-0.137615
0.0590962
0.128182
0.14031
-0.366712
-0.155873
0.107174
0.264171
0.39089
0.339934
0.39991
0.55046
0.0910993
-0.148439
0.138217
0.217694
0.259877
0.104809
0.297331
0.258114
0.367105
0.22781
-0.100074
-0.10108
-0.162881
-0.289066
-0.728437
-0.799701
-0.914994
-1.00144
-0.999797
-0.362849
0.230083
0.26884
0.192566
0.0787574
0.178187
0.35211
-0.0228976
0.0871464
-0.00272647
0.0373899
0.0429518
-0.0849992
-0.222102
-0.132631
0.155101
0.377778
0.254185
0.332424
0.208882
-0.0925519
0.190462
0.176563
-0.201352
-0.167204
0.149392
0.0875541
-0.228208
-0.240871
-0.048632
-0.137278
0.27082
0.0240895
-0.263776
-0.117096
-0.290787
-0.0756087
-0.0309311
-0.272063
-0.391808
-0.578882
-0.775559
-0.627508
-0.361574
-0.09556
0.124903
-0.0164237
-0.0137337
-0.476494
-0.734768
-0.430057
-0.113716
-0.173907
-0.0582944
0.189668
0.0244338
0.0557173
0.294879
0.442247
0.560698
0.552576
0.447341
0.226419
0.225396
0.317681
0.218313
-0.0997142
-0.309212
-0.295948
-0.275128
-0.488027
-0.139996
0.040347
-0.126884
-0.0559405
-0.235725
-0.399624
-0.313419
-0.374088
-0.310895
-0.780904
-0.525471
-0.14807
-0.335905
-0.242337
-0.226236
-0.0260267
-0.0590469
0.161502
0.364213
0.338087
0.243968
0.152371
0.305797
0.0615124
0.0672486
-0.16867
-0.29676
-0.0862488
0.161019
0.215792
0.0927354
0.0618284
0.00632865
0.231554
0.177897
0.302526
0.00236048
-0.0106986
0.365349
0.321882
0.462552
0.549447
0.40405
-0.00292329
-0.449689
-0.580438
-0.348531
-0.140013
0.267981
0.21846
0.0352228
0.10966
0.108251
-0.0505805
0.0658554
0.00258489
-0.029444
-0.340429
-0.339294
-0.556824
-0.220374
-0.277757
-0.157533
0.121639
0.100334
-0.0191718
-0.20958
0.269368
0.111715
0.0788914
0.165862
0.11641
0.295606
0.621009
0.52899
0.344543
0.224261
0.344044
0.183053
0.58895
0.118165
0.237754
0.332671
0.0248914
0.29208
0.3009
0.193002
-0.152716
-0.375792
-0.621731
-0.714541
-0.755072
-0.250924
-0.287304
-0.2576
-0.213505
-0.106458
0.109597
0.187178
0.120991
0.171415
-0.119646
-0.0186419
0.127836
-0.421287
-0.179843
-0.136263
0.345877
-0.0254018
-0.0163898
0.0290968
-0.00963722
-0.188012
-0.135488
-0.278758
-0.386007
-0.304659
0.103439
0.212639
0.153892
-0.0337196
0.0538065
0.289324
0.0914549
-0.0680602
0.191163
0.124763
0.000405954
-0.0117277
0.0111301
-0.144298
0.221403
0.334598
0.0564385
-0.15393
-0.00858958
0.143033
0.440613
0.575208
0.193987
-0.150358
-0.323329
-0.333472
-0.11794
0.241265
0.400001
0.398088
0.553299
0.587574
0.232503
0.0184229
0.160573
-0.123511
-0.286063
-0.0598025
-0.173
-0.116827
-0.197707
-0.294475
0.129465
0.267541
0.0167949
0.188325
0.488626
0.664415
0.789268
0.264866
0.322002
0.27064
0.478418
0.461784
0.484906
0.384328
-0.0192293
0.283311
0.435591
0.477856
0.427129
0.46972
0.362705
-0.108551
-0.0153535
-0.112812
-0.330031
-0.357494
-0.235355
0.100367
-0.0874611
-0.298949
0.0624295
-0.0914685
-0.187147
-0.200584
0.00567741
-0.228008
-0.00396688
-0.137461
-0.356389
-0.0992309
-0.478415
-0.431396
-0.4807
-0.207101
-0.208589
-0.164275
-0.193465
-0.222391
-0.12041
0.13376
-0.0252241
-0.214873
0.0442363
-0.0732574
0.0345517
0.0615546
-0.13957
0.275273
0.266438
0.0446354
0.233353
-0.0428948
0.111861
0.203981
-0.130646
-0.0503186
-0.133558
-0.489474
-0.193339
-0.121497
-0.0233853
0.0363065
0.0294855
0.312007
-0.0561798
-0.308375
-0.213513
-0.433851
-0.418544
-0.356399
-0.469315
-0.51792
-0.300484
0.0334946
-0.0161039
0.0109961
0.179859
-0.0187302
-0.0775844
0.0947264
0.478073
0.488983
0.316396
0.383007
0.236704
-0.0347651
-0.0709777
0.0564213
0.0645581
0.130792
0.0564183
-0.0557644
0.221442
0.095604
0.188064
-0.158155
-0.288388
-0.416938
-0.43146
0.00695612
0.022771
-0.119629
-0.327473
-0.209483
-0.244814
-0.332068
-0.126955
0.0810479
-0.0666931
-0.202902
-0.0703693
0.10974
0.0253531
0.0759891
0.0371201
0.307715
0.272674
0.203761
0.352374
0.338887
0.551904
0.0886318
0.127505
0.177124
0.381212
0.162269
0.205925
0.183208
0.117528
-0.183329
-0.486228
-0.611023
-0.610005
-0.487247
-0.539826
-0.352865
-0.196148
-0.521531
-0.22392
0.0434061
-0.0330672
-0.290549
-0.00915381
0.12891
0.289143
0.429706
0.57875
0.412249
0.379159
0.265909
0.252829
-0.110017
-0.190232
-0.307286
-0.38509
-0.149624
-0.0509066
-0.185409
-0.35702
0.0693057
0.0378061
0.0972639
0.249842
0.496716
0.469383
0.390469
0.259967
0.235313
0.553087
0.0145087
0.187218
0.492188
0.47325
0.255498
-0.269146
0.0459698
-0.0251818
-0.0529226
-0.1682
-0.118477
-0.122389
-0.218137
-0.345294
-0.183775
-0.195637
-0.371061
-0.260031
-0.237758
-0.100821
0.0349198
-0.00142667
0.0305847
-0.131945
-0.409814
-0.319583
-0.063836
-0.0768872
-0.35541
-0.658346
-0.43814
-0.556734
-0.366939
0.100837
-0.307119
-0.326089
-0.412018
-0.330378
-0.42759
-0.0537833
0.287592
0.115274
0.0640868
-0.177265
0.168068
0.0726759
-0.0313025
0.0601835
0.238618
0.170753
-0.0825904
-0.357104
-0.113808
0.0275625
0.0091405
0.195102
0.422339
-0.0706641
0.347328
0.462167
0.662354
0.77012
0.594241
0.215806
-0.0462388
-0.27501
-0.250199
-0.550598
-0.671277
-0.731574
-0.290138
-0.345006
-0.536913
-0.241488
-0.153446
-0.0265905
-0.0897787
-0.0944723
0.204039
0.159602
0.448591
0.202298
0.230958
0.0571743
-0.083271
-0.134939
-0.0227558
0.0533544
-0.075765
-0.140953
0.0400715
0.0670929
0.14679
0.149639
0.257309
0.337954
0.43415
0.360868
0.0849224
-0.0427825
0.244959
0.557922
0.610986
0.710076
0.539113
0.419348
0.171877
0.375384
0.226485
0.00999285
-0.087162
-0.354165
-0.41106
-0.706706
-0.478992
-0.705539
-0.684572
-0.743049
-0.620914
-0.413022
-0.669655
-0.382908
-0.470819
-0.0341144
0.477484
0.295329
-0.184198
-0.330151
-0.357392
-0.067467
0.178184
0.540408
0.308897
0.44629
0.428927
0.0578954
0.0431615
-0.11813
-0.230066
-0.233559
-0.046202
0.337828
0.402954
0.582555
0.488374
0.138742
0.152079
0.18649
0.298841
0.529795
0.260461
0.177187
0.155847
-0.406056
-0.41269
-0.227076
0.246178
0.396134
0.468563
0.615725
0.486429
0.158912
0.00157701
0.000110797
-0.203422
-0.249658
0.139084
0.433642
0.252998
0.109097
0.289446
0.238126
0.331973
0.392656
0.1968
0.179426
0.00155571
-0.0402673
-0.00495579
-0.0244071
0.0247764
0.0345105
0.0569103
0.19978
0.282284
0.411025
0.169691
-0.0904392
-0.561391
-0.264166
-0.00576888
-0.248881
-0.417213
-0.141111
-0.0286014
-0.0975455
-0.264317
-0.242328
-0.329383
0.0367151
0.30926
0.0420995
0.196591
-0.106464
-0.270521
-0.206617
-0.21376
-0.357056
-0.278667
-0.250695
-0.206906
0.143024
-0.0195528
0.156406
-0.188504
-0.430986
-0.531231
-0.613144
-0.657793
-0.408268
-0.200639
-0.161385
0.295519
0.170977
0.280627
0.372146
0.561311
0.600701
0.298529
0.315205
-0.0533399
-0.030347
0.0943167
-0.0787174
-0.123759
-0.0875777
-0.277239
-0.168473
-0.244053
-0.129149
-0.0370257
0.163551
0.498731
0.934787
0.997304
0.904676
0.379404
0.0272267
0.137371
0.00124313
0.1142
-0.0997207
-0.00443277
0.0879323
-0.02601
0.154964
0.222682
0.158694
-0.256231
-0.336441
-0.38167
-0.419753
-0.334184
-0.147316
0.164599
-0.0387197
-0.473781
-0.411797
-0.31246
-0.0113271
-0.000984766
0.0240505
-0.16403
-0.0347828
-0.0739151
-0.079558
-0.054675
0.065157
0.444518
0.459662
-0.110148
-0.187431
-0.623687
-0.100151
0.168743
0.0987552
0.207953
0.244003
-0.0878053
-0.041758
-0.0481988
0.0960884
-0.317376
-0.473028
-0.598315
-0.517316
-0.33411
-0.17585
-0.110843
-0.297214
-0.105747
0.0544956
0.259967
0.482199
0.154353
-0.429866
-0.353161
-0.314326
-0.404891
-0.265962
-0.329016
-0.388949
-0.010828
0.0492944
0.000908278
0.265202
0.235895
0.23504
0.0232563
-0.185419
-0.200011
-0.0856007
-0.56496
-0.328853
-0.222632
-0.033751
0.322359
0.212541
-0.10038
-0.18592
-0.0840113
-0.385624
-0.081214
-0.138357
0.0132931
0.0653199
-0.111057
-0.107513
-0.215359
-0.199355
0.051451
0.115475
0.104159
0.232166
0.420932
0.29523
0.106316
0.443293
0.505327
0.467752
0.509007
0.552123
0.63632
0.538857
0.22936
0.279766
0.226382
0.0466914
-0.258169
-0.357879
-0.126886
-0.0732874
-0.144196
-0.144569
-0.137472
-0.176158
-0.422685
-0.4227
-0.198512
-0.080051
0.0627601
0.125239
0.361691
0.275119
0.170778
0.436967
0.288832
-0.097899
-0.241475
-0.0365588
0.176006
0.0492242
0.119265
0.294701
0.238629
0.0740492
-0.0468561
0.0282942
0.219414
-0.1413
-0.288982
-0.380081
-0.335109
-0.115147
0.11909
0.0187149
-0.195477
-0.266846
-0.372134
-0.401528
-0.116179
0.00736587
0.185243
0.253547
0.241015
0.414035
0.300504
0.258065
0.241619
-0.0671891
-0.0138322
0.206313
0.26298
-0.0400051
-0.0550903
-0.082437
-0.00289659
-0.0361673
-0.0138444
-0.205762
-0.28533
-0.541391
-0.215037
0.0953178
-0.171428
-0.508231
-0.281954
-0.310494
-0.490025
-0.319469
-0.261848
-0.419421
-0.578843
-0.34156
-0.165667
-0.171188
0.287467
0.00287266
0.209709
0.129255
0.218637
0.115326
0.182112
0.137269
0.194166
0.0125258
0.158271
0.376621
0.618415
0.457609
0.415573
0.269823
0.28716
0.368011
0.521211
0.63133
0.639836
0.502262
0.593312
0.522466
0.399364
0.0698992
-0.0288191
-0.0234003
0.125128
0.433197
0.463965
0.362177
0.28587
0.0727505
-0.230293
-0.14736
-0.134164
-0.272776
-0.31413
-0.183427
-0.0738668
-0.155834
-0.160284
-0.0811464
0.0273709
-0.148167
-0.148973
-0.22207
-0.197862
-0.112942
-0.274716
-0.244496
-0.336593
-0.332425
-0.145559
-0.229458
-0.0657317
-0.210756
-0.0288612
0.111676
-0.0994173
0.0611652
0.0672197
-0.167286
-0.0968594
-0.2275
-0.0857475
-0.201099
-0.282782
-0.426618
-0.243035
0.165271
0.0679585
0.0417658
0.104099
0.154952
0.201682
0.159994
0.27058
0.111971
0.175444
0.191142
0.268944
0.32721
0.155724
0.184082
0.369802
0.235437
0.0986715
0.0158646
-0.0713187
0.100266
0.165541
0.0863218
-0.0289302
0.0724773
0.204558
0.0812868
0.0140289
0.0632952
-0.011451
0.0952367
0.0618044
-0.0323786
0.191349
0.497496
0.413805
0.28276
0.163791
0.144609
0.0107332
-0.0123436
-0.0115099
-0.0648028
-0.00140722
-0.0491255
-0.0220436
0.0629029
-0.0399423
0.00118211
-0.0899571
-0.0753146
0.0300139
0.11413
0.213681
0.0926356
-0.0953322
-0.192616
-0.168644
-0.0679864
0.216051
0.0291692
-0.0422469
-0.115512
-0.277548
-0.220898
-0.0902601
-0.051952
-0.108772
0.0532438
0.107785
0.0578396
-0.0349722
-0.0977081
-0.0606007
0.0669608
-0.043576
-0.181997
-0.331313
-0.240204
-0.00496796
-0.102419
-0.0320242
-0.0265488
-0.0762371
-0.0361212
-0.11547
-0.168337
-0.297393
-0.235217
-0.160018
-0.000205774
0.120649
0.130495
0.0845759
0.00928272
-0.0235392
-0.0484574
0.0430641
-0.00541894
-0.00255925
0.10978
0.230618
0.251099
0.0753017
-0.0187474
-0.0407587
-0.0863052
0.0521557
0.194362
0.0663247
0.0739888
0.01772
-0.148867
-0.160896
-0.319469
-0.348548
-0.425774
-0.236606
-0.0549858
0.0581107
0.206766
0.0800107
0.0408232
0.135345
0.0596607
-0.0220456
0.110601
0.0668203
0.132509
0.014997
-0.0434417
-0.0401408
-0.186609
-0.1887
-0.0374239
0.0493748
-0.0707801
-0.0659037
0.11676
0.200506
0.0565389
-0.0577423
-0.152092
-0.12621
-0.195376
-0.105973
0.139953
0.155169
0.0653772
-0.0306006
-0.0481678
-0.198188
-0.183591
-0.138392
-0.212207
-0.0215233
0.031584
-0.127391
-0.190789
0.0517732
0.122681
0.201944
0.0330986
-0.068092
-0.145731
-0.177707
-0.374231
-0.285949
-0.0641144
-0.079571
-0.0153122
-0.101533
-0.133762
-0.275713
-0.260819
-0.155237
-0.0737288
-0.0973825
-0.0726246
-0.0359023
-0.0536193
0.0866586
0.121057
0.201354
0.245051
0.0200021
0.0429487
0.0421764
-0.0328479
-0.0346981
0.123276
0.0611554
0.171353
0.192977
0.0738511
0.0274099
0.0344266
0.0322765
-0.00701588
-0.00977083
-0.11321
-0.113284
-0.0937285
-0.0894635
-0.0408625
-0.116799
-0.0989401
-0.205931
-0.160196
-0.119956
-0.127693
-0.12082
-0.0283358
-0.077582
-0.174628
-0.0790018
-0.0909451
0.0520233
0.0492432
0.115172
0.191306
0.0978779
0.0403516
-0.00936614
-0.186985
-0.241125
-0.356081
-0.407817
-0.336405
-0.184248
-0.11895
-0.0618716
0.0146311
0.051561
-0.0506278
0.0467324
-0.0519939
0.0545598
0.0403095
0.0120322
-0.0412159
-0.00509743
0.0446062
0.0306392
0.154844
0.185025
0.0892876
0.136865
0.17523
0.11169
0.162199
0.0231542
-0.12735
-0.192322
-0.237394
-0.278754
-0.161324
-0.176624
-0.177122
-0.204358
-0.0833857
-0.0204484
0.0806994
0.0641154
0.106281
0.0709067
-0.0103529
-0.0379917
0.0937359
0.27728
0.276524
0.240767
0.257955
0.219252
0.232959
0.139591
0.19049
0.190617
0.137101
0.0968374
0.181024
0.179637
0.105562
0.0754487
0.113983
-0.0906459
-0.0555112
-0.0386288
-0.0931665
-0.112844
-0.104374
-0.0678959
-0.00449105
-0.0720823
0.0048991
0.000813857
0.0618345
0.0456143
0.12535
0.120179
0.00585332
0.00793623
-0.144808
-0.100053
-0.105597
-0.132181
-0.0791733
-0.0483108
0.0263173
0.0462454
-0.00315801
-0.0479806
0.0382414
0.0242747
0.120982
0.0666492
0.0375151
0.158201
0.242907
0.16245
0.108629
0.0384697
0.00612989
0.101173
0.00714028
-0.0721587
-0.00619009
-0.0851279
-0.0502188
-0.0806747
-0.0777982
-0.107773
-0.0636297
0.0769405
0.0286981
0.0842354
-0.0180962
-0.0559681
0.0358813
-0.0042625
-0.085338
-0.0375332
0.107345
0.0656285
0.0586919
0.0825302
0.0885374
0.130857
0.0445832
-0.0137494
0.0180041
0.056211
0.0382026
-0.0936352
0.0065419
0.0599441
0.0807341
0.070862
0.0464768
-0.0227718
-0.0174514
-0.0619237
-0.13458
-0.131441
-0.140419
-0.0424214
-0.0239639
0.0100408
-0.0534035
-0.0418118
-0.0777029
-0.0663646
0.084075
0.0208028
0.0318596
0.0377512
0.0903031
0.0945569
0.0829635
0.0392793
0.0260698
0.13564
0.0432941
0.0229744
-0.0269409
-0.0252942
0.0377974
0.12515
0.0873084
0.0537732
-0.071388
-0.125543
-0.070948
-0.0151632
-0.0380617
-0.00148991
0.0130632
-0.0439431
-0.154521
-0.163851
-0.221098
-0.152614
-0.0250272
0.0375166
0.0744793
0.060616
0.0986242
0.053704
0.0975227
0.105082
0.0893739
0.00334797
0.0497741
0.0519913
-0.0265535
-0.0366783
0.0791715
0.109654
0.00519932
-0.0763665
-0.102611
-0.0400332
-0.0457793
0.0363295
0.0775084
0.0147974
-0.00177398
-0.0208733
-0.141822
-0.114254
-0.0578087
-0.00717356
0.0269425
0.111936
0.178072
0.0949921
0.0282967
0.0467342
0.0991535
0.0562233
0.122914
0.0892464
-0.0105626
-0.106433
-0.0845429
-0.176964
-0.195223
-0.0566188
0.0186578
-0.0191735
-0.0674207
-0.0782769
-0.0803685
-0.118657
-0.194634
-0.117456
-0.097132
-0.121614
-0.169562
-0.136383
-0.132567
-0.126719
-0.1129
-0.0473714
-0.020263
0.0151226
0.0433062
0.030231
-0.0480097
-0.0615559
-0.105172
0.0384328
0.0485425
0.0312672
0.117731
0.063137
-0.00387906
-0.00912664
0.0968674
0.10575
0.0897845
0.166848
0.174209
0.10764
0.0685698
0.0690565
-0.00237765
0.0504123
0.0646357
0.0724959
-0.00122047
-0.0214539
0.0235879
-0.014995
-0.0690235
-0.0346541
-0.0588619
-0.0882263
-0.100022
-0.0522533
-0.0580204
-0.0631263
-0.045591
-0.0443589
0.018013
-0.0264397
-0.0759369
-0.0483057
-0.0279604
-0.0416392
-0.0041225
-0.0641512
-0.0634523
-0.0573499
0.0213789
-0.00465941
-0.00958648
-0.0453114
0.0534008
0.0440394
0.0357262
0.0346836
0.0423393
0.0382052
0.0486027
0.052534
0.00942129
-0.00931774
0.0739432
0.0227404
-0.00624737
-0.0120964
-0.0477274
-0.0254702
-0.00094162
-0.0292662
-0.0292658
-0.000685954
0.0387941
0.0192256
0.00267304
-0.0495295
-0.0939386
-0.0646053
0.0161398
0.0319706
0.0356042
0.0833487
0.0980723
0.116637
0.0231278
-0.0188232
0.0386257
0.107848
0.133155
0.141497
0.132933
0.161388
0.11839
0.0887388
0.1306
0.0627173
0.0105072
-0.0698793
-0.0794472
-0.0323318
-0.0293458
0.0408518
0.055119
0.060708
0.0392212
-0.00137581
-0.0497922
-0.0667937
-0.0758204
-0.0665215
-0.0947386
-0.0815088
-0.0961547
-0.0449886
-0.0593518
-0.0697814
-0.0255615
-0.0434393
0.02111
0.00245127
-0.0130053
-0.00444586
-0.0202003
0.0222743
0.0626395
0.175255
0.147901
0.0737102
0.0544025
-0.00443976
-0.0494778
-0.00141523
-0.0545154
0.0168054
0.0276702
0.04411
0.0117449
-0.0178867
0.00493888
-0.0266535
-0.037434
-0.000638003
0.0014791
0.064209
0.0594634
0.0671529
0.0932018
0.0406024
0.070458
0.0209527
-0.0124112
-0.0171041
-0.037502
-0.0335109
0.0126661
0.0560511
0.0601355
0.0726635
0.052838
-0.00842215
0.0726362
0.086729
0.0351225
0.0396521
0.0227869
-0.0209123
0.0133772
-0.0254129
-0.0283224
-0.0794083
-0.0763003
-0.124864
-0.136547
-0.12499
-0.155425
-0.207519
-0.179484
-0.0979315
-0.148641
-0.130005
-0.052335
-0.0172143
0.00934743
0.0374793
0.0134747
-0.0327562
-0.0829748
-0.0787558
-0.0385933
-0.0800073
0.00358681
-0.0165596
0.0106598
0.0593456
0.0465848
0.0561111
0.016822
-0.00335882
-0.0110057
-0.052982
-0.0646484
0.00637521
-0.0286512
0.0486276
0.0373023
0.0199449
-0.0201342
0.0093299
0.000452799
0.0239525
0.0236172
0.0408468
0.0184355
0.0380978
0.00207692
0.0388402
0.0608284
0.0414123
0.055289
0.0683142
0.0178525
-0.0140898
0.0237732
-0.0181511
-0.0513763
-0.023411
-0.0177965
0.0254958
0.0231173
0.0173494
0.0162863
0.00674509
0.031011
0.0412237
0.0559806
-0.010119
-0.0217146
-0.00113739
0.0480721
-0.000641322
-0.0106469
-0.00718838
-0.00693873
-0.0132387
-0.0104002
-0.0252982
-0.0350719
-0.0428753
-0.0161235
0.0287696
0.0377656
0.0791796
0.0167632
0.0311086
0.0451081
0.0578752
0.0393709
0.0104313
0.0190763
0.00213937
-0.0207275
-0.0286416
-0.0479971
-0.0233563
-0.0215579
-0.0277208
-0.0310458
0.00917567
-0.0348577
-0.0793385
-0.0524424
0.00761661
0.0651532
0.0757866
0.0957698
0.107158
0.0412223
0.01209
0.0108297
-0.0247997
-0.0173851
0.0170228
-0.00652914
-0.0256105
-0.0226609
-0.0209076
-0.0053987
-0.0368951
-0.00943279
0.00542987
-0.00883279
-0.0192779
-0.0261321
-0.04138
-0.0602128
-0.0695418
-0.0880903
-0.0335569
-0.0272272
0.0286412
0.00974794
0.0344248
0.0273434
-0.0488338
-0.0292974
-0.0205133
0.0178755
0.021862
0.0771771
0.0495328
0.0325023
0.0618491
0.00318981
-0.0104323
0.0216696
0.01151
-0.0364464
-0.0219408
-0.0230787
0.00634556
0.00159868
0.00187382
0.00517428
-0.0563532
-0.0161549
0.0153064
0.0112106
0.0285795
0.0392628
0.0359771
0.0106345
0.00125698
-0.00134921
-0.00682838
-0.0348267
-0.0293339
-0.0483122
-0.0272609
-0.00784352
-0.0268241
-0.00391129
0.0295799
0.0228426
0.00378075
0.00804836
0.0786214
0.0508341
0.0146525
-0.0273352
-0.0617397
-0.0916442
-0.0639612
-0.0780753
-0.0812902
-0.0546709
-0.0208644
-0.0354877
-0.025158
-0.0474519
-0.0300818
0.00738579
-0.0298622
0.0305238
0.00698465
-0.0247492
-0.028784
-0.00751676
-0.0196503
-0.0231842
-0.0396344
-0.0662092
-0.0790973
-0.0694748
-0.056715
-0.0719915
-0.032583
0.00407734
0.0196923
0.00251598
-0.0115172
-0.0478013
-0.0241659
0.00884218
-0.0174242
-0.030486
-0.0645425
-0.0400188
-0.00578066
-0.0187025
-0.018238
-0.013576
0.000853094
-0.00335904
-0.018847
0.00796602
-0.0229029
0.00221394
-0.0213428
-0.0288416
-0.0422842
-0.0505018
-0.0335621
-0.0316817
-0.0295084
-0.0530469
-0.0187394
0.00830081
0.0346006
0.0429713
0.0530796
0.0299315
-0.0268325
-0.0324222
-0.0457634
-0.0508831
-0.0463166
-0.0359918
-0.0152725
0.0268919
0.0705356
0.0625865
0.014458
0.0243553
0.0416156
0.0573975
0.0525346
0.0673992
0.0534697
0.0363669
-0.00829207
-0.00530374
-0.0237851
-0.0184194
0.00653092
-0.0109914
-0.0262504
0.00627226
0.00821876
0.0331302
0.0314221
0.0252079
0.0292689
0.000407334
-0.0029475
0.0402083
0.036746
0.0329843
0.0530228
0.043161
0.0363559
0.0482872
0.044223
0.0505832
0.0121947
-0.0103747
-0.020276
0.00915692
0.0344984
0.0515867
0.0744751
0.0473151
-0.00290361
-0.00256804
-0.00629283
-0.027395
0.0122492
0.0361012
0.0293068
0.0219311
0.0216996
0.0320174
0.0404549
0.0552336
0.0556525
0.0176973
0.0331387
0.0195572
0.00281625
-0.0318279
-0.0272803
0.0360397
0.0553351
0.0503875
0.031822
0.0259425
0.0233479
0.0209369
-0.00905291
-0.0260865
0.00629446
-0.0210676
0.00837164
0.0366509
0.0459163
0.0400299
0.0360668
0.0240591
0.0402558
0.0428029
0.00362949
0.0168073
-0.0159626
8.45783e-05
