-1.70526400000000e-05
-1.13144200000000e-05
-2.40736700000000e-05
-2.26215900000000e-05
1.87970000000000e-05
1.66647500000000e-05
6.19123400000000e-05
0.000100987600000000
7.93831300000000e-05
0.000131883700000000
0.000204101300000000
-1.75111600000000e-05
-0.000143801300000000
-0.000218169700000000
-0.000282824500000000
-0.000368187700000000
-0.000332329600000000
-0.000520601200000000
-0.000412275400000000
0.000711748000000000
0.000777796000000000
0.000630322400000000
0.000746700400000000
0.000696856500000000
0.000745397200000000
0.000711503200000000
0.000843308800000000
0.000811373000000000
-2.76717900000000e-05
-0.000433686300000000
-0.000714126900000000
-0.00109572700000000
-0.00108289900000000
-0.00150845700000000
-0.00346840500000000
-0.00443778200000000
-0.00211791400000000
0.00274681200000000
0.00262879800000000
0.000454729000000000
-0.00259305500000000
-0.00277045800000000
0.00446621200000000
0.00389234700000000
0.000578822300000000
2.29152800000000e-05
-0.000582012200000000
-0.000482055400000000
-0.000836724500000000
-0.000552213100000000
0.000992090000000000
-0.000113904400000000
-0.000149912200000000
-0.00229211200000000
-0.00241750900000000
0.00494426000000000
0.00954214200000000
0.00703840800000000
0.00288618400000000
0.00402899500000000
0.00300088300000000
0.00191609200000000
0.00195282300000000
-0.00373931200000000
-0.00494681800000000
0.00563143900000000
0.0113885900000000
0.00460465600000000
-0.000315101300000000
-0.00226597600000000
-0.00191340000000000
0.00533388600000000
0.00616212500000000
0.00461816700000000
0.000379510800000000
-0.000735872700000000
0.00387720700000000
0.00568657900000000
0.00653441500000000
0.00614868500000000
0.00156883500000000
4.30291600000000e-05
0.000807705300000000
-0.000630184600000000
-0.00242037400000000
-0.00364827100000000
-0.00532879500000000
-0.00408580800000000
0.00359607600000000
0.00384574100000000
0.00125563700000000
-0.00417505700000000
-0.00533696500000000
0.00212061600000000
0.00292357400000000
0.00200798600000000
0.00275014200000000
0.00169402300000000
-0.00477949400000000
-0.0120258400000000
-0.0119617000000000
-0.00499182700000000
-0.00164088900000000
-0.00125304200000000
0.00124553500000000
0.00200788100000000
0.00129808600000000
0.00154948200000000
0.00640041400000000
0.00599006300000000
0.000244722100000000
-0.00212914600000000
-0.00410522300000000
-0.00525262600000000
-0.00599640900000000
-0.00605416800000000
-0.00210476100000000
-0.00257116100000000
-0.00285184800000000
0.00369683500000000
0.00396357300000000
-0.00105662400000000
-0.00222068800000000
-0.00325121000000000
-0.00371015700000000
0.00104769200000000
0.000974396800000000
-0.00224116900000000
-0.00271539800000000
-0.00300908500000000
-0.00349921200000000
-0.00353371900000000
-0.00397724800000000
-0.00373315200000000
-0.000855895300000000
5.37638300000000e-05
-0.00144985100000000
-0.00114657600000000
0.00386505400000000
0.00741450700000000
0.00640597500000000
-0.000939088800000000
-0.00481913800000000
-0.00500225100000000
-0.00511166000000000
-0.00607376000000000
-0.00541838500000000
0.00196206500000000
0.00615428900000000
0.00468796900000000
0.000148391400000000
-0.000639432400000000
-0.00135939400000000
-0.00221386100000000
-0.00245953500000000
-0.00297976300000000
-0.00300772500000000
-0.00339544800000000
-0.00362001600000000
-0.00351251800000000
-0.00339274000000000
-0.00391872400000000
-0.00405730300000000
0.000750521000000000
0.000959882900000000
-0.00551788400000000
-0.00529455800000000
0.00151204600000000
0.00311929500000000
0.00311289200000000
0.00353639000000000
0.00344814000000000
0.00318787900000000
0.00368858700000000
0.00301046000000000
-0.000968956200000000
-0.00214360900000000
-0.00509525800000000
-0.00556119300000000
-0.00107039300000000
-0.000431765700000000
-0.000242336700000000
-0.00438620700000000
-0.00519944400000000
0.000179789900000000
0.00262476800000000
0.00772997800000000
0.00207896300000000
-0.000615710500000000
0.00109680200000000
0.00559940500000000
0.00671409200000000
0.00111676000000000
0.00182131700000000
0.00611434900000000
-0.00359252800000000
-0.00642415800000000
-0.000531475900000000
2.06655100000000e-05
0.000550826100000000
-0.00109387700000000
0.00496575500000000
0.00502140700000000
-0.000679566400000000
-0.00153658000000000
-0.000638959900000000
0.00355797400000000
0.00466558200000000
0.00314441300000000
-0.00467718000000000
-0.0100130700000000
-0.0104265400000000
-0.0101264800000000
-0.0117721600000000
-0.0104542600000000
0.00183537300000000
0.00574541100000000
0.00527009800000000
0.00537359700000000
0.00492916200000000
0.00588147600000000
0.00543860100000000
0.00498787200000000
0.00447450500000000
0.00246674500000000
0.00148945900000000
0.00191556400000000
0.000723480200000000
-0.00556959900000000
-0.00546084100000000
-0.00128730400000000
0.00238654900000000
0.00845512600000000
0.0114283700000000
0.00412491200000000
-0.00138523300000000
0.00395615000000000
-0.000704109600000000
-0.00236207400000000
-0.00167256500000000
-0.00225347500000000
0.00115548900000000
0.00248120800000000
0.000661710700000000
0.00294814800000000
-0.000396505700000000
-0.00637755500000000
0.00471495600000000
-4.67024000000000e-06
-0.00109573700000000
-0.00202481700000000
-0.00893046400000000
-0.00261526400000000
0.00321104000000000
0.00218293300000000
0.00261692600000000
0.00751366100000000
0.00775422200000000
0.00709260900000000
0.00720705100000000
0.00253848400000000
-0.00258510600000000
-0.00310876000000000
-0.00294768000000000
-0.00348396600000000
-0.00312232800000000
-0.00394689900000000
-0.00352366100000000
0.00267697100000000
0.00283887400000000
-0.00139411300000000
-0.00187747300000000
-0.00307418100000000
-0.00257330300000000
0.00300771000000000
0.00579219700000000
0.00401706600000000
-0.00663807900000000
-0.00795423300000000
-0.000339054000000000
-0.000498537600000000
-0.00549883300000000
-0.00855963100000000
0.00345546400000000
0.00865153800000000
0.00369345500000000
0.00619378000000000
0.00268800800000000
-0.00170666100000000
-0.00219631800000000
-0.00471210200000000
-0.00356663900000000
0.00397912000000000
0.00176969500000000
-0.00127481700000000
-0.000927557700000000
0.00194992800000000
0.00226514900000000
0.00162001800000000
0.00191269900000000
0.00162508900000000
-0.000274057700000000
-0.000463303300000000
0.00330081100000000
0.00252202900000000
-0.00428665400000000
-0.0123505100000000
-0.0124360900000000
-0.00400554400000000
-0.00443571500000000
-0.00425631700000000
0.00297881700000000
0.00308576400000000
0.00207582000000000
0.00214249400000000
0.00144998200000000
0.00165091400000000
0.000827308800000000
0.00209164600000000
-0.000233743700000000
-0.000706680200000000
0.00888784300000000
0.00306586300000000
-0.000390355500000000
0.00145530000000000
0.00437823100000000
0.00588438800000000
-5.47532200000000e-05
-0.00482823900000000
0.00144770300000000
0.00274389500000000
0.00758120000000000
0.00723787100000000
8.80967500000000e-05
0.00397616900000000
0.00310587800000000
0.00618889400000000
0.0153371100000000
0.0162889700000000
0.0109582100000000
0.00594505600000000
0.00599164300000000
0.00445741200000000
-0.00210760500000000
-0.00464306700000000
-0.00334975100000000
-0.00300555400000000
-0.00500708900000000
-0.00408195300000000
-0.00176060600000000
-0.00480851000000000
-0.00674026900000000
-0.0122188900000000
-0.0195905800000000
-0.0267627100000000
-0.0191742300000000
-0.00793233300000000
-0.00250523800000000
0.0111390100000000
0.0291245100000000
0.0329583100000000
0.0286889200000000
0.0145689500000000
-0.00234979700000000
-0.0131496600000000
-0.0104646300000000
-0.00547660000000000
-0.0142478900000000
-0.0229707300000000
-0.0169471100000000
-0.0154407900000000
-0.0166785700000000
-0.0161707300000000
-0.0166547300000000
-0.0164771700000000
-0.0167882100000000
-0.0167778600000000
-0.0169253900000000
-0.0169821300000000
-0.0170142400000000
-0.0171176700000000
-0.0172028200000000
-0.0167548200000000
-0.0183184500000000
-0.0154122000000000
-0.0205382900000000
-0.0138221500000000
0.0244475000000000
0.0201732600000000
0.0106202500000000
0.00335164400000000
-0.00346745000000000
-0.00801666900000000
-0.0158564600000000
-0.00522679000000000
0.00702168500000000
0.0132568900000000
0.0150326800000000
0.0171712800000000
0.0190675300000000
0.0201499700000000
0.0274957600000000
0.0251183800000000
-0.00450372700000000
-0.0125419300000000
-0.000560249800000000
-0.00404015400000000
-0.00606239700000000
0.00748574000000000
0.0349677300000000
0.0439619400000000
0.0291713100000000
0.0189760300000000
0.00834234300000000
-0.00195386800000000
-0.0130109600000000
-0.00658526300000000
0.00135419000000000
-0.000350105500000000
-0.00253288100000000
-0.00981493100000000
-0.0176521000000000
-0.0145947500000000
-0.0129660900000000
-0.00725394300000000
0.00768911200000000
0.0173698900000000
0.00368309000000000
-0.000879574100000000
0.00577176200000000
0.00372626500000000
-0.00947822400000000
-0.0164712200000000
-0.0148583200000000
0.00706844100000000
0.0247972600000000
0.0204846300000000
0.0109207700000000
0.00572162600000000
0.00427554900000000
0.00545119700000000
0.00311796200000000
-0.0126278600000000
-0.0194997900000000
-0.0170758800000000
-0.0124719000000000
-0.0103235400000000
-0.0115537900000000
-0.0103445200000000
0.00697392700000000
0.0238782800000000
0.0286667300000000
0.0254746500000000
0.0122476600000000
0.00270721300000000
-0.00129300600000000
0.00123729700000000
0.000289257700000000
-0.0113752400000000
-0.00893860300000000
0.000864677500000000
0.00672977400000000
0.0125145600000000
0.0155996300000000
0.0134281400000000
0.0116831900000000
0.00760473500000000
-0.00735055200000000
-0.00695077900000000
-0.00443448200000000
0.00251984900000000
0.00185339800000000
-0.0130030900000000
-0.0133048300000000
-0.000722491200000000
-0.00228040900000000
-0.0123393300000000
-0.0126196500000000
-0.00962560800000000
-0.00875769100000000
-0.00884273000000000
-0.00931414600000000
-0.00317269700000000
0.00335279400000000
0.00501341200000000
0.00397500500000000
0.00554951200000000
0.0252103800000000
0.0375295400000000
0.0256830900000000
0.0124304300000000
0.0109054500000000
0.0105318200000000
0.0184707100000000
0.0246226000000000
0.0205512200000000
0.0127684000000000
-0.00362184600000000
0.00181121800000000
0.0133888200000000
0.00780180500000000
-0.000613601600000000
-0.00487941700000000
-0.00803646000000000
0.00950874300000000
0.0111029300000000
0.00407991500000000
0.00305921600000000
0.00180016300000000
0.0102864400000000
0.0124955000000000
0.00404494200000000
-0.0115956700000000
-0.0122758700000000
0.00376621100000000
0.0134416500000000
0.0173999100000000
0.0166159100000000
0.00585900700000000
-0.00625677600000000
-0.00575574100000000
-0.00148688400000000
9.63783500000000e-05
0.00150405100000000
-0.00882154900000000
-0.0175108800000000
-0.0154357400000000
-0.00347865100000000
0.000775449500000000
-0.00650298700000000
-0.0131633200000000
-0.00646535100000000
-0.00243031300000000
-0.00375647300000000
-0.00383918400000000
-0.00445388800000000
-0.00446537500000000
-0.00802261700000000
-0.0123369800000000
-0.00609801100000000
4.64996700000000e-05
-0.00534266700000000
-0.00777145300000000
0.00199343500000000
0.00320996500000000
-0.00763076900000000
-0.0176080500000000
-0.0175447600000000
-0.0164122000000000
-0.0178249500000000
-0.0161320400000000
-0.00407326100000000
0.00258151200000000
0.00186802400000000
0.00305906500000000
-0.00314132600000000
-0.00668367000000000
-0.000144662900000000
-0.00887281700000000
-0.0109569200000000
-0.00289226300000000
-0.00315872500000000
-0.00374424300000000
0.00264597800000000
0.00745934400000000
0.00832190000000000
0.00554854900000000
-0.00524729600000000
-0.00387904100000000
-0.00116834200000000
0.00107103500000000
0.00568260500000000
0.00510852500000000
-0.00141596800000000
0.00180104000000000
0.00621444900000000
0.00916070400000000
0.00870458400000000
-0.00411155700000000
-0.0217044900000000
-0.0373871200000000
-0.0259551200000000
-0.0134218100000000
-0.0111524400000000
-0.0140939600000000
-0.0236724300000000
-0.0154217000000000
-0.0110579000000000
-0.0114544100000000
-0.00472546400000000
-0.00172052700000000
-0.00856583000000000
-0.0161695400000000
-0.0158148300000000
-0.0147867900000000
-0.0119074800000000
-0.00501757500000000
-0.00140586000000000
-0.000683163800000000
0.00154398100000000
0.00514946600000000
-0.00214126800000000
-0.00322471800000000
0.00722267400000000
0.0133773800000000
0.0119933800000000
0.00596103400000000
0.00160443000000000
0.00139662300000000
0.000962257100000000
0.00136859300000000
0.000501889700000000
-0.00954328500000000
-0.0180149100000000
-0.0173716200000000
-0.0161085100000000
-0.0145867300000000
-0.00520501900000000
0.00111645000000000
0.0103340200000000
0.0102436800000000
-0.00409613900000000
-0.00372859200000000
0.0117887100000000
0.0167401400000000
0.0158710400000000
0.0181384300000000
0.0105335000000000
-0.00522826900000000
-0.0191228700000000
-0.0224491600000000
-0.00846097500000000
-0.00135708700000000
-0.00231474700000000
-0.0101441600000000
-0.00922428800000000
0.00205989400000000
-0.0148859600000000
-0.0377210100000000
-0.0410511000000000
-0.0284017600000000
-0.00868160300000000
0.00545122400000000
0.00376915100000000
0.00292421600000000
0.00681145200000000
0.00682970000000000
0.0112174500000000
0.0155457500000000
0.0161032400000000
0.0192620600000000
0.0185628700000000
0.0168166600000000
0.0234542400000000
0.0154497400000000
0.00470519400000000
0.0113668500000000
0.0217606500000000
0.0293928800000000
0.0286450400000000
0.0159072200000000
-0.00704285000000000
-0.0167663900000000
-0.00846642600000000
-0.00406489800000000
-0.00420665200000000
-0.0164943900000000
-0.0271675000000000
-0.0195977300000000
-0.00418786300000000
0.00664297400000000
0.00431491200000000
0.00838204800000000
0.00910832600000000
0.0200455700000000
0.0270006300000000
0.0227923200000000
0.0122619800000000
-0.00414553600000000
-0.00952510700000000
-0.00212327200000000
0.00162164800000000
-0.00103956800000000
-0.00865569700000000
-0.0156397400000000
-0.0106242500000000
0.000265778900000000
0.00787981300000000
0.0218610200000000
0.0329283900000000
0.0331912200000000
0.0284191400000000
0.0217029500000000
0.0180789600000000
0.0126553100000000
0.00331227600000000
-0.0149890000000000
-0.0114968800000000
-0.00137478800000000
-0.00160658700000000
-0.00186492400000000
-3.10055200000000e-05
0.00722103200000000
0.0166626700000000
0.0194594300000000
0.0206228500000000
0.0315738600000000
0.0321114800000000
0.0249058800000000
0.0194924800000000
0.0151108400000000
0.0129600200000000
0.0138506800000000
0.0125000000000000
0.0142367500000000
0.0254539700000000
0.0267963800000000
0.0226622300000000
0.0161884700000000
0.00964056600000000
0.00606246300000000
0.00106107500000000
-0.0106360900000000
-0.0124690000000000
-0.000197982900000000
0.0130567800000000
0.0174598700000000
0.0104892700000000
-0.00594436700000000
-0.0109954700000000
-0.00982383400000000
-0.0112187800000000
-0.0135602900000000
-0.0149513500000000
-0.0235621300000000
-0.0282577900000000
-0.0217799500000000
-0.0192042000000000
-0.0186997300000000
-0.0187215100000000
-0.0180092900000000
-0.0183302000000000
-0.0167259400000000
-0.00487493400000000
0.00545154800000000
0.0136635300000000
0.0218986000000000
0.0179647900000000
-0.0143709600000000
-0.0406078300000000
-0.0284780200000000
-0.00721254700000000
0.0170829100000000
0.0493819600000000
0.0652194000000000
0.0617617000000000
0.0562063200000000
0.0478704500000000
0.0310613800000000
0.0219153900000000
0.00436234100000000
-0.0194295900000000
-0.0353377800000000
-0.0252403800000000
-0.00424233500000000
0.0110548300000000
0.0108674800000000
-0.00910400900000000
-0.0257585900000000
-0.0296274700000000
-0.0160999000000000
0.00146564300000000
0.00299984600000000
0.0120115300000000
0.0329108600000000
0.0424079600000000
0.0440548900000000
0.0445595000000000
0.0282240700000000
0.0132919500000000
0.0237070900000000
0.0234611200000000
0.00347268300000000
-0.00246662400000000
0.0139826800000000
0.0308577600000000
0.0359842300000000
0.0354299600000000
0.00920076200000000
-0.0263846600000000
-0.0384423100000000
-0.0391635600000000
-0.0320450600000000
-0.0307049900000000
-0.0314270900000000
-0.0263082100000000
-0.0184246800000000
-0.0124837900000000
-0.0160373900000000
-0.0211189200000000
-0.0278025200000000
-0.0302939900000000
-0.0215387600000000
-0.0230087800000000
-0.0271658700000000
-0.0107538500000000
0.00165342200000000
-0.00185919900000000
-0.00745476100000000
-0.0153446500000000
-0.0455387200000000
-0.0487210000000000
-0.0191213700000000
0.00315128500000000
0.000861343900000000
-0.0287438400000000
-0.0548785400000000
-0.0579653300000000
-0.0551760500000000
-0.0375867500000000
-0.0180377600000000
-0.00289546700000000
-0.00227209300000000
-0.0176327100000000
-0.0443638400000000
-0.0487668300000000
-0.0186531000000000
-0.00546284700000000
-0.00745869900000000
-0.0208465800000000
-0.0324064700000000
-0.0126551500000000
0.00927370400000000
0.000374551800000000
-0.0143284500000000
-0.0170386900000000
-0.00473267600000000
-0.00302308600000000
-0.00952024900000000
-0.00775431700000000
-0.00155779100000000
0.000758680700000000
0.00200949100000000
-0.00141939600000000
0.00641841000000000
0.00825318900000000
0.00715078400000000
-0.00575407400000000
-0.0255625600000000
-0.0191140300000000
-0.00230288000000000
0.0145368800000000
0.0187374600000000
0.0181920700000000
0.0224906200000000
0.0226413500000000
0.0213014000000000
0.0161167900000000
0.0121456400000000
0.0202841100000000
0.0330320600000000
0.0406595200000000
0.0373764900000000
0.0205179600000000
0.0122767100000000
0.0110824400000000
0.0171562900000000
0.0180251600000000
0.0157249400000000
0.0122450100000000
0.00468921700000000
0.00145064900000000
0.00173282900000000
0.00252168300000000
0.00147185200000000
-0.00449759000000000
-0.0136100900000000
-0.0115494000000000
0.00849960700000000
0.0338529200000000
0.0390510600000000
0.0271743700000000
0.00717328300000000
-0.0105674800000000
-0.0165760900000000
-0.0104499500000000
0.00391117000000000
0.0199590300000000
0.0346293300000000
0.0274132000000000
0.00934997700000000
-0.00508780500000000
0.00250571400000000
0.0171842400000000
0.0108011800000000
0.00778172800000000
0.0149196800000000
0.00491494000000000
-0.0148987200000000
-0.0364397600000000
-0.0546585000000000
-0.0545674300000000
-0.0412458500000000
-0.0282203700000000
-0.0122470400000000
-0.00541553000000000
-0.00566767900000000
-0.000946074400000000
0.00116568300000000
0.00397840500000000
0.00925350000000000
0.0104909800000000
0.0116266200000000
0.0145004600000000
0.0109961100000000
-0.0100269000000000
-0.0251156800000000
-0.0199777300000000
-0.0199447400000000
-0.0208513500000000
-0.0217167200000000
-0.0201239200000000
-0.00922596200000000
-0.00257117600000000
-0.0100917500000000
-0.0311490300000000
-0.0351459200000000
-0.0417683000000000
-0.0524572000000000
-0.0508563800000000
-0.0290032200000000
-0.00449168000000000
0.00344780600000000
0.0111239200000000
0.0178235700000000
0.0246660500000000
0.0235964100000000
0.0101395700000000
-0.000994641400000000
-0.0151824900000000
-0.0110068200000000
-0.00683638500000000
-0.00319882500000000
0.00281891600000000
0.0100302000000000
0.0118393000000000
0.00681408100000000
-0.000401649900000000
-0.00970579700000000
-0.0181998700000000
-0.0201005500000000
0.00396956200000000
0.0343760200000000
0.0545170000000000
0.0431220400000000
0.0129364100000000
-0.00817926500000000
0.0122770200000000
0.0412959600000000
0.0407966900000000
0.0359012000000000
0.0343115700000000
0.0468522900000000
0.0603598600000000
0.0432939100000000
0.0164578400000000
-0.00661461600000000
-0.00766337300000000
0.00592338200000000
0.00692865300000000
-0.00104593200000000
-0.0165957400000000
-0.0201293300000000
-0.0141105000000000
-0.0144961500000000
-0.0166551800000000
-0.0161960300000000
-0.0158297900000000
-0.0282901100000000
-0.0470349600000000
-0.0497223300000000
-0.0319494300000000
-0.0149765700000000
-0.0129529700000000
-0.0159904200000000
-0.0209403100000000
-0.00969525800000000
-0.000206929000000000
-0.00134778200000000
-0.000606427100000000
-0.00132978800000000
7.91494900000000e-05
0.0127289200000000
0.0182183900000000
0.0189509600000000
0.0194524300000000
0.00137598200000000
-0.0106664100000000
0.00895115900000000
0.0262466400000000
0.0500363300000000
0.0706917100000000
0.0543622500000000
0.0490980200000000
0.0246724700000000
-0.0200294300000000
-0.000735069100000000
0.0328479000000000
0.0472260600000000
0.0532565300000000
0.0468281900000000
0.0363796500000000
0.0323873600000000
0.0127871000000000
-0.00758205600000000
-0.0135679100000000
-0.0261597600000000
-0.0220397700000000
-0.0109288000000000
-0.00583374800000000
-0.00588647100000000
-0.0169413100000000
-0.0277793400000000
-0.0219838600000000
-0.0169922900000000
-0.0107697600000000
-0.00129633600000000
0.00852992300000000
0.0102116600000000
0.00836602100000000
0.00921847800000000
0.00732522500000000
0.00809250500000000
0.0317384700000000
0.0456754400000000
0.0301996900000000
-0.00800811700000000
-0.0452044300000000
-0.0374498800000000
-0.0151091700000000
0.0100003300000000
0.0243614300000000
0.0283060000000000
0.0299478600000000
0.0321115900000000
0.0165682200000000
-0.0165191400000000
-0.0456793100000000
-0.0482216500000000
-0.0155719600000000
0.0143079600000000
0.0265884500000000
0.0168843700000000
-0.0124660200000000
-0.0201555500000000
-0.00570683200000000
0.00651093300000000
0.0217917400000000
0.0418543800000000
0.0475481700000000
0.0461272400000000
0.0432795600000000
0.0265519800000000
-0.000315196000000000
-0.0287429300000000
-0.0576811300000000
-0.0714008400000000
-0.0549699000000000
-0.0232940800000000
-0.0135131300000000
-0.0375634400000000
-0.0436936600000000
-0.0545469600000000
-0.0664161300000000
-0.0548918000000000
-0.0434867500000000
-0.0252320300000000
1.58595400000000e-07
0.0381778700000000
0.0644792300000000
0.0623789100000000
0.0453948400000000
0.00611811700000000
-0.0181737100000000
0.00744830000000000
0.0482478500000000
0.0753182000000000
0.0682913400000000
0.0465521100000000
0.0278285100000000
-0.000328447100000000
-0.0139949100000000
0.00148512300000000
0.0176347000000000
0.0391614800000000
0.0590130500000000
0.0475170800000000
0.0266594000000000
0.00196518600000000
-0.0145757600000000
-0.0144404700000000
-0.0148798900000000
-0.0311408800000000
-0.0514054500000000
-0.0708087200000000
-0.0699014000000000
-0.0332458500000000
-0.00411196000000000
0.00256772900000000
-0.0129104500000000
-0.0513645900000000
-0.0689761000000000
-0.0424474100000000
-0.0243964900000000
-0.0267287900000000
-0.0373618600000000
-0.0400867900000000
-0.0216997000000000
0.00275650300000000
0.00888495600000000
-0.000503007700000000
-0.0170100900000000
-0.0445936800000000
-0.0663554200000000
-0.0812159600000000
-0.0837164200000000
-0.0818943200000000
-0.0618949500000000
-0.0379334100000000
-0.0190147700000000
0.00337833800000000
0.00719497800000000
0.00569712000000000
0.00791605300000000
0.00660477300000000
0.00732777100000000
0.0224539300000000
0.0430994500000000
0.0594301800000000
0.0602774400000000
0.0585670200000000
0.0672836300000000
0.0718808400000000
0.0675914000000000
0.0659292600000000
0.0465398600000000
0.0224239000000000
0.0172245700000000
0.00556338500000000
-0.00497748400000000
-0.0268104000000000
-0.0627758200000000
-0.0645589500000000
-0.0446914400000000
-0.0299546800000000
-0.0197498700000000
-0.00948478100000000
0.00827665700000000
0.0209737400000000
0.0232518700000000
0.0210754800000000
0.0214116700000000
0.0191474000000000
0.0119812300000000
0.0105166900000000
0.0127179800000000
0.0325976300000000
0.0687887400000000
0.0949387000000000
0.0893423100000000
0.0788291300000000
0.0486866000000000
0.0146960200000000
-0.0149213100000000
-0.0329706100000000
-0.0355234400000000
-0.0378320900000000
-0.0602486200000000
-0.0757901700000000
-0.0572420800000000
-0.0332807200000000
-0.0305444900000000
-0.0319767200000000
-0.0302577400000000
-0.0168100600000000
0.00266579500000000
0.0199264400000000
0.0292618000000000
0.0120770100000000
-0.0249990800000000
-0.0503509000000000
-0.0534676700000000
-0.0201828300000000
0.0285572600000000
0.0423057400000000
0.0409092300000000
0.0263734800000000
0.0217620300000000
0.0263609900000000
0.0268616700000000
0.00428869800000000
-0.00877260500000000
-0.0197356900000000
-0.0525276600000000
-0.0492601300000000
-0.0492908100000000
-0.0583501700000000
-0.0614874000000000
-0.0786386700000000
-0.0850457000000000
-0.0535424700000000
-0.0166708000000000
0.00983962900000000
0.0167871700000000
0.0128020200000000
-0.00246411600000000
-0.0180427300000000
-0.00793972100000000
-0.00446207300000000
0.00754966700000000
0.0216050800000000
0.0221962200000000
0.0197423100000000
0.00672684200000000
-0.0141886700000000
-0.0355355800000000
-0.0381166900000000
-0.0178359900000000
0.0153286200000000
0.0309756800000000
0.0290704300000000
0.0175410800000000
-0.00904073600000000
-0.0291507300000000
-0.0150577500000000
0.0118939500000000
0.0333325500000000
0.0442249300000000
0.0641496800000000
0.0881487600000000
0.105526300000000
0.101965800000000
0.0899081600000000
0.0674025600000000
0.0199239500000000
0.00328908900000000
0.0109715200000000
0.0230727400000000
0.0268413100000000
0.0133601800000000
-0.0162521400000000
-0.0423530700000000
-0.0457359700000000
-0.0453736900000000
-0.0491787400000000
-0.0489367000000000
-0.0314228200000000
-0.0124183000000000
0.0119630900000000
0.0276592100000000
0.0131180700000000
-0.00906070200000000
-0.0129825800000000
0.00739133700000000
0.0284807400000000
0.0516955100000000
0.0521803300000000
0.0405777000000000
0.0282346500000000
-0.000558183900000000
-0.0332115200000000
-0.0494366900000000
-0.0433360000000000
-0.0419684000000000
-0.0416307000000000
-0.0241092500000000
-0.00204888900000000
0.0156701500000000
0.0161916700000000
0.00708871100000000
0.00637996300000000
0.0245646200000000
0.0413613800000000
0.0330266700000000
0.0159188100000000
0.0107441800000000
0.0235004900000000
0.0383398200000000
0.0470542300000000
0.0346475800000000
0.0142862500000000
0.00426601100000000
0.00220471400000000
0.000912768600000000
-0.00146167700000000
-0.00127967800000000
0.000822418600000000
0.00314238200000000
0.000625108200000000
-0.0154355600000000
-0.0354684500000000
-0.0523721800000000
-0.0541023900000000
-0.0518156800000000
-0.0467787400000000
-0.0421043000000000
-0.0388766700000000
-0.0228234400000000
-0.00613036700000000
-0.0137125800000000
-0.0194722500000000
-0.00340914600000000
0.00621051200000000
0.00455110700000000
0.00225722400000000
-0.00361252200000000
-0.00976329700000000
0.00821339600000000
0.0218529900000000
0.0124527100000000
0.0135231100000000
0.0321713600000000
0.0541226100000000
0.0696364600000000
0.0588631500000000
0.0463111900000000
0.0221853200000000
-0.0163321000000000
0.00167629800000000
0.0292211900000000
0.0461711700000000
0.0490974000000000
0.0180224000000000
-0.0177581000000000
-0.0107781600000000
0.00122436100000000
0.000879287700000000
0.00129608000000000
0.000150540900000000
0.000208099500000000
0.00953004200000000
0.0131185500000000
-0.0101882800000000
-0.0248048600000000
-0.0120323700000000
0.00179397000000000
0.0108176700000000
0.0112340700000000
0.0102154700000000
0.0104770200000000
0.00314380600000000
-0.00224712300000000
-0.0155896400000000
-0.0249419400000000
0.000968557400000000
0.00946684300000000
0.00649468000000000
-0.00169864600000000
-0.0278039100000000
-0.0526058500000000
-0.0526477000000000
-0.0387633100000000
-0.0285142700000000
-0.0181884500000000
0.00237253700000000
0.0209389500000000
0.00940759200000000
-0.0145256700000000
-0.0367618300000000
-0.0312072100000000
-0.0163079600000000
-0.00491163900000000
-0.00384477900000000
-0.0212579900000000
-0.0372746700000000
-0.0273731100000000
-0.0120790500000000
0.00616478000000000
0.0193306800000000
0.0140738500000000
-0.00170396500000000
-0.0218131900000000
-0.0392777300000000
-0.0175880100000000
0.0114662200000000
0.0218801800000000
0.0449921400000000
0.0422747600000000
0.0202744000000000
-0.00523176000000000
-0.0229572600000000
-0.00577954500000000
0.0124887700000000
0.0121284200000000
0.0108984100000000
0.0118140800000000
0.0102025600000000
0.00130708400000000
-0.0177656600000000
-0.0253730600000000
-0.00534482700000000
0.000318651900000000
0.00398360300000000
0.0239367800000000
0.0452631100000000
0.0493044300000000
0.0461782600000000
0.0309218600000000
-0.00329723200000000
-0.0353870100000000
-0.0253088100000000
-0.00478967300000000
0.0125338500000000
0.0332948300000000
0.0512072300000000
0.0384307500000000
-0.00150197800000000
-0.0403856500000000
-0.0537263800000000
-0.0386617100000000
-0.0248093900000000
-0.0113959200000000
0.00469796700000000
0.0197507400000000
0.0288688600000000
0.0210331800000000
0.00601976900000000
-0.0143047500000000
-0.0274930900000000
-0.0371153500000000
-0.0375608800000000
-0.0179806700000000
-0.00313949100000000
0.00163563900000000
-0.0106155300000000
-0.0266281300000000
-0.0120414400000000
0.00471929400000000
0.00780860700000000
-0.0100693300000000
-0.0409202900000000
-0.0719895100000000
-0.0913087300000000
-0.0800228500000000
-0.0594684800000000
-0.0279150200000000
0.00208117300000000
-0.00331240800000000
-0.0247227700000000
-0.0369140900000000
-0.0152262400000000
0.00309527500000000
0.00954950600000000
0.0206648500000000
0.0289236200000000
0.0308414200000000
0.0316120600000000
0.0269755400000000
0.0147680500000000
-0.00147298400000000
-0.0130502100000000
0.00506316000000000
0.0189658900000000
0.0207120200000000
0.0198286700000000
0.00820673800000000
0.00552807500000000
-0.000393525400000000
-0.0135589000000000
-0.0312475500000000
-0.0434802100000000
-0.0381907300000000
-0.0254803200000000
-0.0150611700000000
-0.00202235500000000
0.0221262500000000
0.0337047000000000
0.0247790900000000
0.0129921400000000
0.0136043300000000
0.0119750100000000
-0.0128008300000000
-0.0118789900000000
0.0246261300000000
0.0560246100000000
0.0743109700000000
0.0508077000000000
0.0225310500000000
0.0337244500000000
0.0426254400000000
0.0331149300000000
0.0221044500000000
0.0139004400000000
0.0128843900000000
0.0117310800000000
-0.00281987400000000
-0.0245989000000000
-0.0416068000000000
-0.0443509900000000
-0.0357036200000000
-0.0299197700000000
-0.0299127000000000
-0.0245555800000000
-0.0131097100000000
-0.00742549900000000
-0.0174503000000000
-0.0176603700000000
0.00480054400000000
0.0208007100000000
0.0342861600000000
0.0399301300000000
0.0261728300000000
0.00503871900000000
-0.00317182300000000
0.0102781100000000
0.0224866000000000
0.0268038900000000
0.0211719300000000
0.00857642800000000
-0.00666907400000000
-0.0206130300000000
-0.0395993200000000
-0.0491204400000000
-0.0304402200000000
-0.00804932800000000
0.0102647400000000
0.000630260600000000
-0.0186968800000000
-0.0184093100000000
-0.00539793800000000
0.00922699200000000
0.0200564700000000
0.0199523400000000
0.0128869100000000
-0.00818470600000000
-0.0143885600000000
0.0147496300000000
0.0457098600000000
0.0752492500000000
0.0633323000000000
0.0484435000000000
0.0264381800000000
-0.00430689200000000
0.00449074600000000
0.0259122200000000
0.0419043200000000
0.0383799600000000
0.0180163600000000
-0.00619289100000000
-0.0271292800000000
-0.0419232300000000
-0.0369048100000000
-0.0278050900000000
-0.0234521200000000
-0.0146751800000000
-0.0149199200000000
-0.0243000300000000
-0.0377786400000000
-0.0383612600000000
-0.0160532900000000
0.0152333600000000
0.0423720500000000
0.0507683900000000
0.0414548400000000
0.0243486400000000
0.00800233300000000
0.00681970500000000
0.00701436500000000
0.00676574600000000
0.00603287800000000
0.000193444600000000
-0.00192764100000000
-0.0143831900000000
-0.0396272700000000
-0.0516569500000000
-0.0403094400000000
-0.0212846600000000
-0.00475443000000000
-0.00173519100000000
-0.00386785200000000
-0.00285335100000000
0.00825319900000000
0.0212740900000000
0.0264780900000000
0.0185587100000000
0.00367655700000000
-0.00508826200000000
0.00314907200000000
0.0186454100000000
0.0356651500000000
0.0439391400000000
0.0431335400000000
0.0368912400000000
0.0200780600000000
0.00368779700000000
-0.000129822500000000
0.00365281500000000
0.00415048000000000
0.00434842000000000
-0.00207805400000000
-0.0169576100000000
-0.0277025300000000
-0.0309334600000000
-0.0298623000000000
-0.0189096600000000
-0.0123459400000000
-0.00835060100000000
-0.00768732800000000
-0.0182082000000000
-0.0268021400000000
-0.0174875800000000
-0.00533633400000000
-0.00540526900000000
-0.00552300600000000
-0.000856579800000000
0.00306386200000000
0.00198688700000000
-0.00851923700000000
-0.0151962200000000
-0.00878869100000000
-0.00139512000000000
-0.00124042800000000
-0.00938142200000000
-0.0199837200000000
-0.0211401800000000
-0.0215181400000000
-0.0247962600000000
-0.0321229800000000
-0.0301557300000000
-0.00754352800000000
0.0119353600000000
0.0180312500000000
0.00798233100000000
-0.00299946900000000
-0.00510874100000000
-0.00608528900000000
-0.00500726400000000
0.00232567000000000
0.00792253400000000
0.00864727700000000
0.00304378800000000
0.000796746500000000
0.00137307100000000
0.00782027400000000
0.0159823400000000
0.0191202500000000
0.0192740500000000
0.0171654400000000
0.00879737700000000
-0.00467927500000000
-0.0189007400000000
-0.0155930000000000
-0.00290035800000000
0.00964798500000000
0.0185923000000000
0.00975090700000000
-0.00369636000000000
-0.0100980600000000
0.00196180100000000
0.00980972900000000
0.000675919200000000
-0.00782382300000000
-0.0156231400000000
-0.0111682000000000
-0.00134709100000000
0.00239672400000000
0.00105456600000000
0.00454722800000000
0.00485190600000000
0.000838025500000000
-0.00435695600000000
-0.00981725700000000
-0.00955250800000000
-0.00512731700000000
0.00363806100000000
0.0125822900000000
0.0117418600000000
0.00659266800000000
0.000579068700000000
-0.00565890500000000
-0.00544415300000000
-0.000288433400000000
0.00379082300000000
0.00467346900000000
0.00358803100000000
0.00283438200000000
0.00274589300000000
0.00164247200000000
-0.000607625400000000
-0.00126060500000000
-0.000995737200000000
0.000501360400000000
0.00169804700000000
0.00275209400000000
0.00302608100000000
0.00188856100000000
0.00128605300000000
0.000461393500000000
0.00109101300000000
0.00172425600000000
0.00153927200000000
0.000389782100000000
-0.000627202700000000
0.000621366200000000
0.00169049300000000
0.00175371300000000
0.00194282300000000
0.00224137800000000
0.00198829100000000
0.00130181800000000
0.000601853300000000
0.000476459100000000
0.000427614900000000
0.000285183300000000
-2.52618500000000e-05
-0.000332888700000000
-0.000197220100000000
0.000207414700000000
0.000446220500000000
0.000367615300000000
0.000233102100000000
9.08422500000000e-06
-8.28544800000000e-05
-4.39409600000000e-05
-8.60539200000000e-05
-0.000118345100000000
-0.000101152100000000
-0.000150593000000000
-0.000231841300000000
-0.000289198400000000
-0.000288501600000000
-0.000209912300000000
-0.000175011400000000
-0.000182588300000000
-0.000192341100000000
-0.000197142700000000
-0.000189244200000000
-0.000179059500000000
-0.000170196900000000
-0.000166180400000000
-0.000159122700000000
-0.000147739000000000
-0.000139736600000000
-0.000134186600000000
-0.000129346200000000
-0.000124593100000000
-0.000119665100000000
-0.000114605200000000
-0.000109479000000000
-0.000104270300000000