-0.000385973400000000
-0.000393253600000000
-0.000402193800000000
-0.000410368900000000
-0.000414433400000000
-0.000410907400000000
-0.000398283500000000
-0.000376325400000000
-0.000345015900000000
-0.000307757100000000
-0.000274945500000000
-0.000253734300000000
-0.000228668900000000
-0.000203217700000000
-0.000186817500000000
-0.000186881900000000
-0.000204384000000000
-0.000230570800000000
-0.000269569800000000
-0.000320422800000000
-0.000369929500000000
-0.000402518100000000
-0.000414399100000000
-0.000405630000000000
-0.000360265800000000
-0.000260663100000000
-0.000112316100000000
5.06932100000000e-05
0.000223948200000000
0.000389926800000000
0.000531890500000000
0.000629753800000000
0.000679008400000000
0.000703224200000000
0.000659921100000000
0.000509752800000000
0.000269903900000000
1.89473300000000e-05
-0.000215020900000000
-0.000380882000000000
-0.000457286100000000
-0.000459506800000000
-0.000428629800000000
-0.000374323200000000
-0.000321433200000000
-0.000351699000000000
-0.000535031400000000
-0.000859004800000000
-0.00125358500000000
-0.00159551500000000
-0.00183309200000000
-0.00194618900000000
-0.00191993500000000
-0.00178712700000000
-0.00166651000000000
-0.00170552800000000
-0.00191278600000000
-0.00226241800000000
-0.00268976300000000
-0.00307436200000000
-0.00336836600000000
-0.00354197700000000
-0.00354756200000000
-0.00332803100000000
-0.00284249100000000
-0.00214207000000000
-0.00127403200000000
-0.000208486200000000
0.000909980200000000
0.00173682800000000
0.00215720300000000
0.00221631100000000
0.00205884100000000
0.00190886700000000
0.00199887000000000
0.00216866400000000
0.00222239800000000
0.00204268600000000
0.00157510000000000
0.000909044800000000
0.000132965300000000
-0.000780273000000000
-0.00176031100000000
-0.00257543700000000
-0.00282636500000000
-0.00225260800000000
-0.00128348700000000
-0.000393869000000000
0.000136513800000000
0.000387344600000000
0.000420267300000000
0.000208329000000000
-0.000285221100000000
-0.00102727400000000
-0.00178926700000000
-0.00227167500000000
-0.00250543600000000
-0.00253096600000000
-0.00234329200000000
-0.00196177000000000
-0.00149239900000000
-0.00120940000000000
-0.00133113800000000
-0.00181837700000000
-0.00253437200000000
-0.00326979900000000
-0.00406464700000000
-0.00517342400000000
-0.00675462700000000
-0.00872019600000000
-0.0105803700000000
-0.0114509900000000
-0.0108549800000000
-0.00895179500000000
-0.00605934500000000
-0.00285540200000000
0.000131963100000000
0.00308344800000000
0.00576921700000000
0.00742007200000000
0.00776596900000000
0.00702387300000000
0.00584902000000000
0.00445785600000000
0.00290859700000000
0.00176142700000000
0.000841653900000000
-0.000218020100000000
-0.00149871400000000
-0.00276840900000000
-0.00361685600000000
-0.00376715900000000
-0.00314147400000000
-0.00193581600000000
-0.000234773100000000
0.00147908100000000
0.00298274500000000
0.00431399700000000
0.00523919000000000
0.00544546500000000
0.00515178300000000
0.00485661100000000
0.00466618500000000
0.00470329000000000
0.00526960600000000
0.00617567500000000
0.00708102700000000
0.00765896100000000
0.00775310000000000
0.00725652400000000
0.00611311900000000
0.00450668300000000
0.00283876600000000
0.000914060600000000
-0.00136428500000000
-0.00367532900000000
-0.00554413500000000
-0.00699315100000000
-0.00808886700000000
-0.00882383600000000
-0.00918971000000000
-0.00912609700000000
-0.00850234600000000
-0.00762060400000000
-0.00721851000000000
-0.00716273500000000
-0.00726528600000000
-0.00747251800000000
-0.00775021600000000
-0.00802860600000000
-0.00813591300000000
-0.00788065400000000
-0.00714694900000000
-0.00586450600000000
-0.00413019200000000
-0.00228839300000000
-0.000595963300000000
0.000410952200000000
-8.65404100000000e-05
-0.00252101800000000
-0.00611927800000000
-0.00924284700000000
-0.0114991400000000
-0.0128101700000000
-0.0127890300000000
-0.0115587300000000
-0.00993278100000000
-0.00825867900000000
-0.00666144800000000
-0.00553166300000000
-0.00400822500000000
-0.00117025200000000
0.00339012800000000
0.00933870400000000
0.0150325500000000
0.0178676200000000
0.0177964300000000
0.0156153800000000
0.0111891200000000
0.00426714000000000
-0.00406477700000000
-0.0130089400000000
-0.0212909300000000
-0.0261623100000000
-0.0282979500000000
-0.0289764400000000
-0.0282700000000000
-0.0265875000000000
-0.0233641600000000
-0.0177723400000000
-0.0105474400000000
-0.00223959800000000
0.00804797400000000
0.0197344100000000
0.0311937600000000
0.0404047900000000
0.0442842800000000
0.0430852400000000
0.0398427100000000
0.0364625800000000
0.0330818200000000
0.0294134100000000
0.0265238000000000
0.0236049000000000
0.0205328500000000
0.0183444900000000
0.0174042600000000
0.0175244900000000
0.0181447100000000
0.0195616500000000
0.0218820300000000
0.0242055900000000
0.0259178700000000
0.0276905300000000
0.0300317300000000
0.0328765200000000
0.0356969600000000
0.0383075300000000
0.0403976100000000
0.0415173400000000
0.0415709900000000
0.0408307700000000
0.0389897500000000
0.0360300100000000
0.0325097700000000
0.0274256400000000
0.0201432300000000
0.0115483000000000
0.00395922800000000
-0.00201459700000000
-0.00632550700000000
-0.00867081300000000
-0.00976781700000000
-0.0110973600000000
-0.0120996600000000
-0.0115859600000000
-0.00915211800000000
-0.00504753200000000
-0.000319936100000000
0.00347210800000000
0.00662121200000000
0.00919084800000000
0.0105806200000000
0.0100186600000000
0.00700442400000000
0.00179519500000000
-0.00451267700000000
-0.0105510100000000
-0.0170070900000000
-0.0239208700000000
-0.0310342800000000
-0.0386339800000000
-0.0461419600000000
-0.0521290400000000
-0.0559135100000000
-0.0576369900000000
-0.0580562200000000
-0.0574444600000000
-0.0568106300000000
-0.0556006200000000
-0.0531142600000000
-0.0498213400000000
-0.0462605900000000
-0.0423064600000000
-0.0384728400000000
-0.0354328400000000
-0.0332781400000000
-0.0320587700000000
-0.0317931800000000
-0.0322196500000000
-0.0323740700000000
-0.0316099600000000
-0.0304090800000000
-0.0292516100000000
-0.0283311400000000
-0.0274590400000000
-0.0260864500000000
-0.0234884700000000
-0.0189335400000000
-0.0122558500000000
-0.00391179400000000
0.00721881800000000
0.0212853200000000
0.0362481800000000
0.0500651700000000
0.0622106800000000
0.0711506300000000
0.0749378900000000
0.0739252500000000
0.0694038900000000
0.0618405800000000
0.0517332200000000
0.0398852400000000
0.0301611600000000
0.0245181200000000
0.0223733900000000
0.0227842100000000
0.0241182400000000
0.0247431300000000
0.0249485600000000
0.0245673500000000
0.0244285200000000
0.0253081800000000
0.0269221400000000
0.0289844000000000
0.0319060300000000
0.0357524100000000
0.0398001500000000
0.0426761100000000
0.0438698600000000
0.0440824600000000
0.0438583800000000
0.0421008700000000
0.0377722500000000
0.0308704600000000
0.0220449800000000
0.0110849300000000
-0.000330236000000000
-0.00833496200000000
-0.0121769100000000
-0.0127280300000000
-0.0107345000000000
-0.00748183800000000
-0.00389091000000000
7.70025800000000e-05
0.00312804300000000
0.00499975500000000
0.00655808600000000
0.00814000600000000
0.00945585400000000
0.00987047200000000
0.00886835100000000
0.00631780300000000
0.00171229400000000
-0.00453473900000000
-0.0108563000000000
-0.0184655500000000
-0.0282201800000000
-0.0390921400000000
-0.0484112200000000
-0.0554593900000000
-0.0604688400000000
-0.0635738100000000
-0.0641211700000000
-0.0620833800000000
-0.0583030900000000
-0.0538129900000000
-0.0494625400000000
-0.0456479100000000
-0.0412692500000000
-0.0359716200000000
-0.0304908900000000
-0.0247160000000000
-0.0183880500000000
-0.0116542000000000
-0.00494932800000000
0.00110544300000000
0.00572443600000000
0.00834793500000000
0.00907848900000000
0.00875522100000000
0.00770058600000000
0.00688193000000000
0.00593834200000000
0.00496752700000000
0.00455154700000000
0.00439725300000000
0.00428588200000000
0.00414277100000000
0.00392373500000000
0.00376086100000000
0.00366219000000000
0.00338456600000000
0.00262253000000000
0.00104860500000000
-0.00165840500000000
-0.00558310800000000
-0.0102868700000000
-0.0151506800000000
-0.0195580300000000
-0.0227836600000000
-0.0251334000000000
-0.0271345900000000
-0.0291673500000000
-0.0311020300000000
-0.0328803700000000
-0.0347044500000000
-0.0363587900000000
-0.0372871100000000
-0.0371474300000000
-0.0360022700000000
-0.0340860400000000
-0.0321408100000000
-0.0307169500000000
-0.0295234900000000
-0.0282945100000000
-0.0269946000000000
-0.0256631600000000
-0.0236720300000000
-0.0202248500000000
-0.0149942200000000
-0.00834170500000000
-0.00139478800000000
0.00544734700000000
0.0122873700000000
0.0188077200000000
0.0253235900000000
0.0319085300000000
0.0381814800000000
0.0436042700000000
0.0475223000000000
0.0493719600000000
0.0488821700000000
0.0466579300000000
0.0429289700000000
0.0379048000000000
0.0320255200000000
0.0252243600000000
0.0175833100000000
0.0105500800000000
0.00495306000000000
0.000780243800000000
-0.00194670400000000
-0.00329398300000000
-0.00331696900000000
-0.00280521900000000
-0.00166775000000000
0.000750851100000000
0.00397396300000000
0.00698974500000000
0.0103865900000000
0.0143502500000000
0.0182223200000000
0.0217927600000000
0.0253397400000000
0.0289171200000000
0.0321977300000000
0.0346900300000000
0.0355380000000000
0.0341571600000000
0.0311318600000000
0.0262864300000000
0.0197336700000000
0.0118359900000000
0.00297299400000000
-0.00497074000000000
-0.0108997000000000
-0.0147544400000000
-0.0162654300000000
-0.0148326400000000
-0.0106042600000000
-0.00401239300000000
0.00424987700000000
0.0125772600000000
0.0210246700000000
0.0280197300000000
0.0308831200000000
0.0290574600000000
0.0233241000000000
0.0162322700000000
0.00867345500000000
0.00195377900000000
-0.00353441400000000
-0.00799395100000000
-0.0105904100000000
-0.0112250200000000
-0.0105996400000000
-0.00993219500000000
-0.00941479000000000
-0.00969824200000000
-0.0103522800000000
-0.0107042800000000
-0.0106279300000000
-0.0100422200000000
-0.00860199400000000
-0.00615345000000000
-0.00304111800000000
-3.03122200000000e-07
0.00310832500000000
0.00633808500000000
0.00934215100000000
0.0117111900000000
0.0130101100000000
0.0128084100000000
0.0109050500000000
0.00709514900000000
0.00182757300000000
-0.00330566300000000
-0.00790435800000000
-0.0116522900000000
-0.0144609300000000
-0.0165951400000000
-0.0181213000000000
-0.0184546200000000
-0.0171407800000000
-0.0139556900000000
-0.00847138500000000
-0.00147619200000000
0.00629357000000000
0.0150758300000000
0.0238164700000000
0.0310972700000000
0.0363603300000000
0.0386414300000000
0.0375738200000000
0.0350212200000000
0.0316652600000000
0.0273763200000000
0.0229651700000000
0.0188416200000000
0.0141852300000000
0.00901270100000000
0.00467168000000000
0.00254319500000000
0.00111025200000000
-0.00211429800000000
-0.00718507200000000
-0.0135879400000000
-0.0205816500000000
-0.0275276600000000
-0.0341979800000000
-0.0399918200000000
-0.0438782800000000
-0.0452324000000000
-0.0444376000000000
-0.0425711300000000
-0.0387859200000000
-0.0330285200000000
-0.0269381000000000
-0.0210474900000000
-0.0150669900000000
-0.00983176100000000
-0.00669989800000000
-0.00525703100000000
-0.00464210400000000
-0.00521297600000000
-0.00691686600000000
-0.00945251400000000
-0.0121016100000000
-0.0141328800000000
-0.0164457300000000
-0.0196729000000000
-0.0235838700000000
-0.0271062000000000
-0.0292023400000000
-0.0298170500000000
-0.0292816000000000
-0.0274270400000000
-0.0239649100000000
-0.0197588600000000
-0.0169181900000000
-0.0158843900000000
-0.0163868900000000
-0.0181344700000000
-0.0207006600000000
-0.0232581300000000
-0.0240915500000000
-0.0216708900000000
-0.0158389500000000
-0.00731255100000000
0.00194104000000000
0.00934886500000000
0.0143596400000000
0.0161833200000000
0.0145194300000000
0.0100350100000000
0.00389793800000000
-0.00308290400000000
-0.00854440200000000
-0.0112369800000000
-0.0112655800000000
-0.00919036800000000
-0.00659775900000000
-0.00486098100000000
-0.00515580400000000
-0.00783491200000000
-0.0128967700000000
-0.0201334900000000
-0.0283590400000000
-0.0353064000000000
-0.0400451000000000
-0.0412894100000000
-0.0379127700000000
-0.0297769800000000
-0.0180227400000000
-0.00410515600000000
0.00850488300000000
0.0207209200000000
0.0324278600000000
0.0413083100000000
0.0467580900000000
0.0484366400000000
0.0481920300000000
0.0483969200000000
0.0485339800000000
0.0485804500000000
0.0482961900000000
0.0462173500000000
0.0417057300000000
0.0341784100000000
0.0234622400000000
0.0116179000000000
0.00262054300000000
-0.00355556200000000
-0.00753809300000000
-0.0103627600000000
-0.0136091600000000
-0.0168885500000000
-0.0198691500000000
-0.0221791400000000
-0.0230843800000000
-0.0225940800000000
-0.0208131400000000
-0.0175106600000000
-0.0134243700000000
-0.00925403700000000
-0.00473052300000000
-0.000256706600000000
0.00289664500000000
0.00412200900000000
0.00395025800000000
0.00347026400000000
0.00287132800000000
0.00229012000000000
0.00193722100000000
0.00209672600000000
0.00254610200000000
0.00293184700000000
0.00304358200000000
0.00281619500000000
0.00241832100000000
0.00211463900000000
0.00216615600000000
0.00267237800000000
0.00357003300000000
0.00467900400000000
0.00565595600000000
0.00628320600000000
0.00674704700000000
0.00730420100000000
0.00819974700000000
0.00964585000000000
0.0117307500000000
0.0142950500000000
0.0167310400000000
0.0180469200000000
0.0178014900000000
0.0157704000000000
0.0116742400000000
0.00583162000000000
-0.000414674700000000
-0.00627623600000000
-0.0101004400000000
-0.0113658500000000
-0.0109876900000000
-0.00948184700000000
-0.00744496800000000
-0.00452440200000000
-0.000744492800000000
0.00280289400000000
0.00640598400000000
0.0104834500000000
0.0145989900000000
0.0179978000000000
0.0201783700000000
0.0205094900000000
0.0188414500000000
0.0167060900000000
0.0143529300000000
0.0119644000000000
0.0101349700000000
0.00854042800000000
0.00718686400000000
0.00638277100000000
0.00600586000000000
0.00580742900000000
0.00586670700000000
0.00636863100000000
0.00724460000000000
0.00865741100000000
0.0106378300000000
0.0135427700000000
0.0178425800000000
0.0233334700000000
0.0287145600000000
0.0320775600000000
0.0324532700000000
0.0298119200000000
0.0256260700000000
0.0210533900000000
0.0171471200000000
0.0145663900000000
0.0126280200000000
0.0108782000000000
0.00912476100000000
0.00709124200000000
0.00460685200000000
0.00198381800000000
-0.000235132600000000
-0.00157236100000000
-0.00192887700000000
-0.00158217000000000
-0.000342773400000000
0.00147796400000000
0.00297922300000000
0.00448990700000000
0.00624895900000000
0.00805015100000000
0.00985254400000000
0.0117543000000000
0.0136840700000000
0.0153115100000000
0.0161470100000000
0.0156991200000000
0.0138226500000000
0.0109553500000000
0.00774087300000000
0.00466802800000000
0.00162060100000000
-0.00103474900000000
-0.00236999700000000
-0.00267046800000000
-0.00352058900000000
-0.00561513000000000
-0.00919365600000000
-0.0144464700000000
-0.0213930500000000
-0.0292737100000000
-0.0363928000000000
-0.0419696900000000
-0.0454266500000000
-0.0467334400000000
-0.0463979800000000
-0.0442992700000000
-0.0392837200000000
-0.0314293500000000
-0.0228539300000000
-0.0147026400000000
-0.00750209700000000
-0.00246362200000000
0.000213043900000000
0.000371159600000000
-0.00124051800000000
-0.00261848400000000
-0.00324378500000000
-0.00288178200000000
-0.00234534800000000
-0.00220642800000000
-0.00302952700000000
-0.00499283100000000
-0.00754368000000000
-0.00965327300000000
-0.0113487700000000
-0.0128784900000000
-0.0144623200000000
-0.0162016800000000
-0.0180320600000000
-0.0198386800000000
-0.0214546900000000
-0.0226509500000000
-0.0232392200000000
-0.0231231900000000
-0.0218924800000000
-0.0192821200000000
-0.0157087100000000
-0.0119809900000000
-0.00823149000000000
-0.00520876300000000
-0.00434456200000000
-0.00535919400000000
-0.00666388800000000
-0.00788492100000000
-0.00880125700000000
-0.00898446800000000
-0.00761317200000000
-0.00473756300000000
-0.000890671200000000
0.00305239900000000
0.00720667700000000
0.0118062000000000
0.0163327800000000
0.0198164100000000
0.0218285300000000
0.0219458900000000
0.0207456300000000
0.0199000500000000
0.0192935300000000
0.0190545700000000
0.0199217000000000
0.0215626700000000
0.0234207000000000
0.0249057100000000
0.0259238900000000
0.0265622300000000
0.0267779500000000
0.0264286600000000
0.0254838900000000
0.0240947000000000
0.0223545300000000
0.0197421500000000
0.0159814300000000
0.0114751600000000
0.00670862100000000
0.00195949400000000
-0.00191713800000000
-0.00443973800000000
-0.00568830100000000
-0.00527023200000000
-0.00270470500000000
0.00201339700000000
0.00808683900000000
0.0134200900000000
0.0182125500000000
0.0222087700000000
0.0244933500000000
0.0251062200000000
0.0243469500000000
0.0226383400000000
0.0208635400000000
0.0197068700000000
0.0197204400000000
0.0208195100000000
0.0221935600000000
0.0229662200000000
0.0224012500000000
0.0199604300000000
0.0158584500000000
0.0106082900000000
0.00430115600000000
-0.00205976200000000
-0.00658129200000000
-0.00961048900000000
-0.0118593300000000
-0.0134580600000000
-0.0139146500000000
-0.0129302900000000
-0.0104240900000000
-0.00677722600000000
-0.00350485700000000
-0.000807544700000000
0.00119967700000000
0.00179206500000000
0.00110527900000000
-0.000707473800000000
-0.00391144100000000
-0.00813939900000000
-0.0126840600000000
-0.0173526600000000
-0.0220156100000000
-0.0257395800000000
-0.0282460300000000
-0.0295240200000000
-0.0300191200000000
-0.0308699100000000
-0.0318139700000000
-0.0320975600000000
-0.0314045500000000
-0.0299333400000000
-0.0281137600000000
-0.0262803800000000
-0.0242532500000000
-0.0222049300000000
-0.0208415900000000
-0.0206738500000000
-0.0213897400000000
-0.0225194000000000
-0.0241871200000000
-0.0260578300000000
-0.0272564900000000
-0.0280869700000000
-0.0288946900000000
-0.0297606600000000
-0.0306429400000000
-0.0313883800000000
-0.0318014800000000
-0.0316612700000000
-0.0308685100000000
-0.0295492800000000
-0.0275774300000000
-0.0251387400000000
-0.0223814900000000
-0.0191082100000000
-0.0154864700000000
-0.0116067500000000
-0.00708928900000000
-0.00190982900000000
0.00343385600000000
0.00875417700000000
0.0137188700000000
0.0176849700000000
0.0206337600000000
0.0225668500000000
0.0230703200000000
0.0221513200000000
0.0202478600000000
0.0173966500000000
0.0136500400000000
0.00990704800000000
0.00573147100000000
0.00118471800000000
-0.00302503300000000
-0.00656670600000000
-0.00883842600000000
-0.00975933100000000
-0.00954220500000000
-0.00820990100000000
-0.00599400700000000
-0.00284122100000000
0.000533600000000000
0.00407260300000000
0.00833091100000000
0.0130632500000000
0.0172793300000000
0.0212975900000000
0.0255167200000000
0.0300418100000000
0.0347518100000000
0.0392823700000000
0.0431051700000000
0.0456440800000000
0.0464760800000000
0.0452611200000000
0.0418766500000000
0.0368117500000000
0.0311512300000000
0.0252864000000000
0.0194302200000000
0.0148628500000000
0.0121707200000000
0.0107914200000000
0.00995046000000000
0.0100656800000000
0.0111697000000000
0.0122446300000000
0.0128270200000000
0.0128940000000000
0.0122137100000000
0.0110850200000000
0.00984409500000000
0.00853520800000000
0.00738126700000000
0.00682323500000000
0.00669976600000000
0.00677577800000000
0.00684176100000000
0.00667300700000000
0.00629082000000000
0.00575802400000000
0.00513062600000000
0.00446751800000000
0.00383347200000000
0.00324794500000000
0.00273163200000000
0.00231220100000000
0.00200303800000000
0.00171392800000000
0.00118569600000000
5.31295400000000e-05
-0.00207142800000000
-0.00549391200000000
-0.0101415300000000
-0.0152532600000000
-0.0199191800000000
-0.0235690900000000
-0.0258694900000000
-0.0272095400000000
-0.0279098800000000
-0.0275208800000000
-0.0258074700000000
-0.0227192400000000
-0.0191263200000000
-0.0163924900000000
-0.0143812400000000
-0.0132303700000000
-0.0135005300000000
-0.0147828500000000
-0.0162917100000000
-0.0180685800000000
-0.0196261700000000
-0.0197676100000000
-0.0182432800000000
-0.0149552600000000
-0.00995610700000000
-0.00409186900000000
0.000991790200000000
0.00576571100000000
0.0105818700000000
0.0149777000000000
0.0186044800000000
0.0218918400000000
0.0254123600000000
0.0291316500000000
0.0325439200000000
0.0351170400000000
0.0361713400000000
0.0352572300000000
0.0330421200000000
0.0302699100000000
0.0275284000000000
0.0251379500000000
0.0225556600000000
0.0195987000000000
0.0166729600000000
0.0139040300000000
0.0110671800000000
0.00797832700000000
0.00464045300000000
0.00122550000000000
-0.00199734800000000
-0.00470870700000000
-0.00662878800000000
-0.00764964200000000
-0.00808252600000000
-0.00870958800000000
-0.00976845400000000
-0.0114060800000000
-0.0138746300000000
-0.0171618800000000
-0.0209823300000000
-0.0248677900000000
-0.0285061200000000
-0.0312156900000000
-0.0324564800000000
-0.0324719200000000
-0.0317244500000000
-0.0305428900000000
-0.0293257200000000
-0.0277308800000000
-0.0258783800000000
-0.0245012700000000
-0.0232830500000000
-0.0219158600000000
-0.0203591900000000
-0.0187801800000000
-0.0174861200000000
-0.0164717500000000
-0.0155065000000000
-0.0145935400000000
-0.0137486900000000
-0.0129027100000000
-0.0123555400000000
-0.0124244300000000
-0.0132888800000000
-0.0148769300000000
-0.0167539200000000
-0.0189064400000000
-0.0216391100000000
-0.0248765100000000
-0.0282616400000000
-0.0317168400000000
-0.0348191300000000
-0.0371219500000000
-0.0386121900000000
-0.0392323500000000
-0.0389922800000000
-0.0381565000000000
-0.0359914400000000
-0.0321702900000000
-0.0273154000000000
-0.0216235600000000
-0.0152835000000000
-0.00950848300000000
-0.00495312900000000
-0.00157138700000000
0.000613383700000000
0.00157214200000000
0.00175989700000000
0.00224638500000000
0.00282446400000000
0.00357154000000000
0.00462780000000000
0.00561929200000000
0.00638827100000000
0.00707785900000000
0.00797232100000000
0.00931827700000000
0.0112879500000000
0.0138061000000000
0.0166212600000000
0.0196134200000000
0.0223558900000000
0.0246756200000000
0.0267138500000000
0.0285846200000000
0.0303746200000000
0.0320487400000000
0.0336600100000000
0.0353881900000000
0.0371812000000000
0.0390266700000000
0.0409974900000000
0.0430056400000000
0.0447684600000000
0.0459093000000000
0.0460686800000000
0.0452384200000000
0.0436028700000000
0.0416852400000000
0.0404908100000000
0.0398613400000000
0.0395550900000000
0.0395246000000000
0.0398339900000000
0.0405650100000000
0.0415199200000000
0.0421098700000000
0.0419476400000000
0.0409191300000000
0.0389336500000000
0.0360246700000000
0.0325713000000000
0.0289908700000000
0.0255175400000000
0.0229617600000000
0.0221031200000000
0.0220718000000000
0.0220106700000000
0.0216860400000000
0.0209639300000000
0.0203055800000000
0.0201229000000000
0.0206797700000000
0.0220392200000000
0.0238532500000000
0.0259580300000000
0.0279639600000000
0.0292061000000000
0.0293210200000000
0.0279924000000000
0.0251901500000000
0.0214960700000000
0.0175834600000000
0.0129692000000000
0.00774210200000000
0.00291957900000000
-0.00119595300000000
-0.00443845600000000
-0.00687914000000000
-0.00910362000000000
-0.0119541100000000
-0.0153995500000000
-0.0190093400000000
-0.0223618900000000
-0.0249810700000000
-0.0265306600000000
-0.0269032400000000
-0.0262632600000000
-0.0249424700000000
-0.0235105900000000
-0.0230827900000000
-0.0236530100000000
-0.0250797700000000
-0.0270783700000000
-0.0289708600000000
-0.0302742300000000
-0.0310477400000000
-0.0313144900000000
-0.0310343400000000
-0.0302812800000000
-0.0293439300000000
-0.0288123900000000
-0.0290333600000000
-0.0300755900000000
-0.0319321200000000
-0.0344177700000000
-0.0373067200000000
-0.0403755900000000
-0.0428428400000000
-0.0436946400000000
-0.0428222200000000
-0.0406442800000000
-0.0375506200000000
-0.0338254800000000
-0.0304221600000000
-0.0274883300000000
-0.0244275800000000
-0.0209649800000000
-0.0168773800000000
-0.0123012600000000
-0.00783958700000000
-0.00375518000000000
-0.000202595700000000
0.00258602200000000
0.00444762100000000
0.00550788200000000
0.00596783200000000
0.00596635800000000
0.00571040300000000
0.00529122600000000
0.00471749400000000
0.00416207600000000
0.00420492500000000
0.00505923500000000
0.00686794000000000
0.00948235200000000
0.0121344300000000
0.0141366700000000
0.0153756000000000
0.0157089700000000
0.0152134800000000
0.0139926200000000
0.0120307200000000
0.00971266000000000
0.00732692300000000
0.00465039800000000
0.00196620900000000
0.000111087600000000
-0.00107123600000000
-0.00235156700000000
-0.00454757900000000
-0.00743848300000000
-0.0103473600000000
-0.0122894900000000
-0.0121474600000000
-0.00995394200000000
-0.00649784000000000
-0.00213915800000000
0.00199257000000000
0.00519048300000000
0.00717457100000000
0.00758463700000000
0.00703731400000000
0.00653077900000000
0.00593932500000000
0.00489193400000000
0.00349197000000000
0.00172860100000000
-0.000928645400000000
-0.00448528100000000
-0.00823738600000000
-0.0121300500000000
-0.0160864700000000
-0.0195953000000000
-0.0224023100000000
-0.0243636700000000
-0.0254775200000000
-0.0261080400000000
-0.0263911300000000
-0.0258939200000000
-0.0242280600000000
-0.0213734800000000
-0.0180569300000000
-0.0143139800000000
-0.00959264400000000
-0.00406862600000000
0.00125764400000000
0.00636015100000000
0.0114517200000000
0.0163743300000000
0.0209070800000000
0.0250647000000000
0.0288977000000000
0.0320269000000000
0.0340179500000000
0.0343456500000000
0.0328143600000000
0.0297348000000000
0.0256284300000000
0.0219394300000000
0.0181728600000000
0.0142032900000000
0.0107208000000000
0.00726958600000000
0.00342138400000000
-0.000943571800000000
-0.00554146500000000
-0.00971872000000000
-0.0127045400000000
-0.0140711600000000
-0.0138602500000000
-0.0122991200000000
-0.00891610900000000
-0.00419367700000000
-2.85668500000000e-05
0.00287457500000000
0.00501757400000000
0.00668942700000000
0.00804598700000000
0.00928514200000000
0.0106676100000000
0.0119362700000000
0.0127494300000000
0.0131706600000000
0.0136795300000000
0.0141937400000000
0.0144752800000000
0.0145101700000000
0.0143915500000000
0.0140362100000000
0.0134640200000000
0.0128610500000000
0.0122366300000000
0.0114337500000000
0.0103306700000000
0.00893953700000000
0.00742467800000000
0.00578601100000000
0.00389188300000000
0.00176518500000000
-0.000354782600000000
-0.00231593900000000
-0.00405597500000000
-0.00543474000000000
-0.00627586200000000
-0.00649389300000000
-0.00624590700000000
-0.00580117900000000
-0.00504563000000000
-0.00417367900000000
-0.00373390700000000
-0.00349611600000000
-0.00314805400000000
-0.00248605200000000
-0.00138343800000000
0.000256398300000000
0.00243480900000000
0.00485803000000000
0.00688174000000000
0.00800565300000000
0.00796239800000000
0.00660572100000000
0.00401916700000000
0.000748433900000000
-0.00212445800000000
-0.00449974000000000
-0.00647465500000000
-0.00802218500000000
-0.00923201400000000
-0.0101351800000000
-0.0107447500000000
-0.0111469000000000
-0.0116714900000000
-0.0122924000000000
-0.0129813000000000
-0.0138950200000000
-0.0149036100000000
-0.0158379000000000
-0.0165206100000000
-0.0166796100000000
-0.0160339300000000
-0.0144744800000000
-0.0124684700000000
-0.0109333400000000
-0.00999292300000000
-0.00944746800000000
-0.00916163100000000
-0.00912018800000000
-0.00930806100000000
-0.00962819800000000
-0.0100131800000000
-0.0103001300000000
-0.0108922600000000
-0.0122167600000000
-0.0144363800000000
-0.0174964200000000
-0.0212390300000000
-0.0250117000000000
-0.0284664000000000
-0.0311075100000000
-0.0322303500000000
-0.0316467400000000
-0.0295964100000000
-0.0262228300000000
-0.0215536800000000
-0.0165719500000000
-0.0118463000000000
-0.00774765900000000
-0.00541055800000000
-0.00487425900000000
-0.00484633100000000
-0.00457406300000000
-0.00334496900000000
-0.00105675500000000
0.00175900000000000
0.00453087200000000
0.00678394500000000
0.00808134100000000
0.00814243900000000
0.00747396000000000
0.00630227900000000
0.00501749000000000
0.00437401300000000
0.00411134000000000
0.00387500500000000
0.00347227600000000
0.00284458200000000
0.00208457400000000
0.00134654200000000
0.000867723500000000
0.000923961900000000
0.00175434900000000
0.00350038500000000
0.00585022200000000
0.00803075600000000
0.0100569600000000
0.0117769000000000
0.0126374800000000
0.0123725600000000
0.0115216400000000
0.0105576900000000
0.00953764700000000
0.00884032700000000
0.00879567100000000
0.00927047300000000
0.0101006400000000
0.0111153800000000
0.0121977900000000
0.0131045200000000
0.0136760600000000
0.0140642300000000
0.0143788000000000
0.0146036300000000
0.0144158500000000
0.0133665700000000
0.0111245500000000
0.00786976700000000
0.00437781300000000
0.000908700500000000
-0.00212662100000000
-0.00410581200000000
-0.00519437500000000
-0.00565559900000000
-0.00571714400000000
-0.00558416700000000
-0.00499757400000000
-0.00388351900000000
-0.00199873000000000
0.000536824700000000
0.00406085100000000
0.00870301300000000
0.0137354400000000
0.0183046300000000
0.0219006400000000
0.0238247500000000
0.0244783000000000
0.0244733600000000
0.0240768300000000
0.0234023000000000
0.0221598600000000
0.0202204500000000
0.0177926800000000
0.0145138800000000
0.0101761100000000
0.00555510200000000
0.00217951000000000
-0.000186532500000000
-0.00204529900000000
-0.00367310000000000
-0.00547539700000000
-0.00720782800000000
-0.00849432800000000
-0.00916113500000000
-0.00895690700000000
-0.00799314100000000
-0.00656014800000000
-0.00535175000000000
-0.00462491600000000
-0.00414676300000000
-0.00376983400000000
-0.00345678100000000
-0.00324005100000000
-0.00311212500000000
-0.00295286000000000
-0.00266278600000000
-0.00227757900000000
-0.00178495400000000
-0.00119688300000000
-0.000594746400000000
-0.000120751100000000
5.78134500000000e-05
-0.000244521200000000
-0.00123569800000000
-0.00303682900000000
-0.00549740800000000
-0.00852887000000000
-0.0122887400000000
-0.0163678600000000
-0.0196802900000000
-0.0219081800000000
-0.0230557500000000
-0.0234343500000000
-0.0237204100000000
-0.0239739000000000
-0.0241242900000000
-0.0238778800000000
-0.0228397100000000
-0.0211585600000000
-0.0194697400000000
-0.0173528800000000
-0.0144477700000000
-0.0109750900000000
-0.00763846800000000
-0.00457993100000000
-0.00208143600000000
-0.000447621300000000
0.000377349400000000
0.000459387500000000
-8.58218600000000e-05
-0.00105377200000000
-0.00273620600000000
-0.00500634400000000
-0.00773596800000000
-0.0112015000000000
-0.0151134000000000
-0.0190267500000000
-0.0227525400000000
-0.0257043700000000
-0.0273369700000000
-0.0273914000000000
-0.0261216500000000
-0.0243633900000000
-0.0218413400000000
-0.0188623700000000
-0.0161668900000000
-0.0133150700000000
-0.0102584600000000
-0.00766604400000000
-0.00616259200000000
-0.00607683600000000
-0.00714961700000000
-0.00845142000000000
-0.00934629700000000
-0.00984992200000000
-0.00971267700000000
-0.00913340200000000
-0.00829728500000000
-0.00731712100000000
-0.00642491700000000
-0.00584692100000000
-0.00543344200000000
-0.00505210100000000
-0.00472028300000000
-0.00453938000000000
-0.00447417000000000
-0.00438940000000000
-0.00407267500000000
-0.00339182400000000
-0.00222595300000000
-0.000501748500000000
0.00175308500000000
0.00447791200000000
0.00718746200000000
0.00904518500000000
0.0101933900000000
0.0110394900000000
0.0119997800000000
0.0133537300000000
0.0154604700000000
0.0187296000000000
0.0231608000000000
0.0282576800000000
0.0328702000000000
0.0360649000000000
0.0378581300000000
0.0383440600000000
0.0378022000000000
0.0370563500000000
0.0366267300000000
0.0364374900000000
0.0366864000000000
0.0371640700000000
0.0375335900000000
0.0376038000000000
0.0372838600000000
0.0364648400000000
0.0350780900000000
0.0332063000000000
0.0311982500000000
0.0294785900000000
0.0280047600000000
0.0267308000000000
0.0257244500000000
0.0250504800000000
0.0243880300000000
0.0231617700000000
0.0209688100000000
0.0179329900000000
0.0145335600000000
0.0112582200000000
0.00847948200000000
0.00671272500000000
0.00565363600000000
0.00471943900000000
0.00383227300000000
0.00299734100000000
0.00204791900000000
0.00107460000000000
0.000382396000000000
0.000144512200000000
0.000411006100000000
0.00110376300000000
0.00178334800000000
0.00185374500000000
0.00120080800000000
-0.000180991800000000
-0.00210872200000000
-0.00411611300000000
-0.00612549000000000
-0.00798286200000000
-0.00925292300000000
-0.0100015800000000
-0.0103967000000000
-0.0106074800000000
-0.0104365100000000
-0.00963611400000000
-0.00828769000000000
-0.00695120200000000
-0.00600270700000000
-0.00510691500000000
-0.00393630600000000
-0.00236485900000000
-0.000445762300000000
0.00191301300000000
0.00490485900000000
0.00845582400000000
0.0121288400000000
0.0156539600000000
0.0188967100000000
0.0214499700000000
0.0227172100000000
0.0224373000000000
0.0209372700000000
0.0188245500000000
0.0163711300000000
0.0143175300000000
0.0120772300000000
0.00920183100000000
0.00603745000000000
0.00350256200000000
0.00166940100000000
0.000467828300000000
-0.000291478400000000
-0.00105765400000000
-0.00182029400000000
-0.00277950600000000
-0.00415995000000000
-0.00591993300000000
-0.00804152400000000
-0.0105064000000000
-0.0131843700000000
-0.0156672400000000
-0.0174390000000000
-0.0184900400000000
-0.0189010600000000
-0.0188216100000000
-0.0185668600000000
-0.0179265900000000
-0.0168392900000000
-0.0154519800000000
-0.0141458500000000
-0.0130281600000000
-0.0119478200000000
-0.0109238200000000
-0.0100735600000000
-0.00948512000000000
-0.00923253000000000
-0.00941462500000000
-0.0100102400000000
-0.0108994900000000
-0.0121557700000000
-0.0135944400000000
-0.0150651900000000
-0.0167466000000000
-0.0186080700000000
-0.0204823100000000
-0.0224922700000000
-0.0246450200000000
-0.0266615000000000
-0.0280486500000000
-0.0285022200000000
-0.0279126500000000
-0.0261198100000000
-0.0230334100000000
-0.0188942500000000
-0.0147230700000000
-0.0105473800000000
-0.00640832800000000
-0.00299941300000000
-0.000611282500000000
0.000403747800000000
0.000319607300000000
-4.81692600000000e-05
-0.000248321900000000
0.000199749100000000
0.000915134000000000
0.00160695500000000
0.00214760900000000
0.00237347000000000
0.00225822200000000
0.00178982700000000
0.000988957500000000
-1.42059600000000e-05
-0.00117024900000000
-0.00244181100000000
-0.00366664800000000
-0.00485066500000000
-0.00593466600000000
-0.00685617800000000
-0.00753537400000000
-0.00787347800000000
-0.00790806100000000
-0.00785038100000000
-0.00769425900000000
-0.00725321200000000
-0.00653744400000000
-0.00576255900000000
-0.00473324600000000
-0.00333137200000000
-0.00175775000000000
-0.000478803000000000
0.000343642600000000
0.000547062300000000
7.05064400000000e-05
-0.000698749300000000
-0.00142463300000000
-0.00203955000000000
-0.00233154000000000
-0.00245490400000000
-0.00254928300000000
-0.00260403700000000
-0.00252851400000000
-0.00220079100000000
-0.00148516700000000
-0.000365975200000000
0.000986799700000000
0.00273412300000000
0.00502393700000000
0.00763297200000000
0.0101690700000000
0.0126732400000000
0.0151158400000000
0.0174115200000000
0.0194613600000000
0.0215371000000000
0.0239115800000000
0.0257560900000000
0.0259847500000000
0.0244352700000000
0.0215871500000000
0.0180411900000000
0.0142909200000000
0.0109327600000000
0.00847913400000000
0.00724324100000000
0.00607484200000000
0.00464985000000000
0.00290826800000000
0.00101636400000000
-0.000625520300000000
-0.00171895100000000
-0.00215712500000000
-0.00211432800000000
-0.00170026100000000
-0.000724540100000000
0.000673404100000000
0.00194600300000000
0.00323447500000000
0.00487524000000000
0.00701808900000000
0.00984845000000000
0.0134810400000000
0.0175348800000000
0.0211481700000000
0.0243271300000000
0.0273804000000000
0.0297881000000000
0.0308419100000000
0.0307915500000000
0.0304635700000000
0.0305762000000000
0.0306955300000000
0.0302917700000000
0.0290733700000000
0.0268525400000000
0.0230501700000000
0.0175705700000000
0.0106742200000000
0.00301586400000000
-0.00370241100000000
-0.00846638500000000
-0.0106344300000000
-0.0111467600000000
-0.0105442600000000
-0.00944031400000000
-0.00978584500000000
-0.0110734700000000
-0.0126110600000000
-0.0140107800000000
-0.0150365700000000
-0.0157344700000000
-0.0162285200000000
-0.0165894100000000
-0.0168644400000000
-0.0170712800000000
-0.0171321100000000
-0.0169226400000000
-0.0163505200000000
-0.0154218600000000
-0.0141983200000000
-0.0129567800000000
-0.0118044900000000
-0.0107066300000000
-0.00974586300000000
-0.00896055800000000
-0.00830399300000000
-0.00769349200000000
-0.00700012000000000
-0.00622135200000000
-0.00546974900000000
-0.00484055600000000
-0.00438016400000000
-0.00415430400000000
-0.00415324500000000
-0.00423940000000000
-0.00433997600000000
-0.00432567600000000
-0.00400183100000000
-0.00328334300000000
-0.00215568000000000
-0.000719278100000000
0.000811149500000000
0.00198921600000000
0.00266189400000000
0.00300936600000000
0.00312479600000000
0.00305301400000000
0.00291218000000000
0.00262671000000000
0.00216146100000000
0.00164930100000000
0.000943349500000000
-0.000120578900000000
-0.00152989400000000
-0.00329325000000000
-0.00522916700000000
-0.00682902600000000
-0.00779735700000000
-0.00846875700000000
-0.00902165800000000
-0.00917885400000000
-0.00877485500000000
-0.00788361300000000
-0.00665941700000000
-0.00558454600000000
-0.00466434300000000
-0.00380882000000000
-0.00315521200000000
-0.00287580400000000
-0.00298316300000000
-0.00337806400000000
-0.00402644000000000
-0.00478028500000000
-0.00525453600000000
-0.00553393200000000
-0.00567325900000000
-0.00556935100000000
-0.00500678300000000
-0.00378082800000000
-0.00183586100000000
0.000617917800000000
0.00299241000000000
0.00536453800000000
0.00758850400000000
0.00918570300000000
0.0105012800000000
0.0120934400000000
0.0138408100000000
0.0154680000000000
0.0169565500000000
0.0183276900000000
0.0194887100000000
0.0203169500000000
0.0207335600000000
0.0206452100000000
0.0200326400000000
0.0188380700000000
0.0171944800000000
0.0155858500000000
0.0138510100000000
0.0119827300000000
0.0103698500000000
0.00934936200000000
0.00883874700000000
0.00859951000000000
0.00841298300000000
0.00802417300000000
0.00739238700000000
0.00649050400000000
0.00534058400000000
0.00416230600000000
0.00328265100000000
0.00300675400000000
0.00332770200000000
0.00405433300000000
0.00502605000000000
0.00588486900000000
0.00619558600000000
0.00601684400000000
0.00548119700000000
0.00459357500000000
0.00349040900000000
0.00252323500000000
0.00182527000000000
0.00133355100000000
0.00107604600000000
0.00118850400000000
0.00184881700000000
0.00315592600000000
0.00490587100000000
0.00651179500000000
0.00781097800000000
0.00904974900000000
0.0103515100000000
0.0116354200000000
0.0127943400000000
0.0138621600000000
0.0148831900000000
0.0157228200000000
0.0161209700000000
0.0159430200000000
0.0153114500000000
0.0143160400000000
0.0132563100000000
0.0123524000000000
0.0114296600000000
0.0104333200000000
0.00953066700000000
0.00885736600000000
0.00829076300000000
0.00764980100000000
0.00697762600000000
0.00633163900000000
0.00569647400000000
0.00500514600000000
0.00433759900000000
0.00379126600000000
0.00343352300000000
0.00332519100000000
0.00349509400000000
0.00385160300000000
0.00427686900000000
0.00468396600000000
0.00484774000000000
0.00457909600000000
0.00378891500000000
0.00249504000000000
0.000901886500000000
-0.000878881300000000
-0.00268428700000000
-0.00405723600000000
-0.00485121400000000
-0.00532016400000000
-0.00568797100000000
-0.00589897400000000
-0.00590114800000000
-0.00548873600000000
-0.00463301700000000
-0.00371080400000000
-0.00320623200000000
-0.00295107200000000
-0.00271967500000000
-0.00243062200000000
-0.00222172900000000
-0.00232405800000000
-0.00293336000000000
-0.00407378300000000
-0.00548709200000000
-0.00698619800000000
-0.00868895800000000
-0.0104820000000000
-0.0120527100000000
-0.0132792100000000
-0.0139577700000000
-0.0139469500000000
-0.0134844900000000
-0.0130879300000000
-0.0126707400000000
-0.0122938700000000
-0.0122894600000000
-0.0125127100000000
-0.0127674400000000
-0.0128805100000000
-0.0127179900000000
-0.0122337700000000
-0.0114200100000000
-0.0103509800000000
-0.00923101200000000
-0.00822165500000000
-0.00730854600000000
-0.00654706000000000
-0.00607828000000000
-0.00593039400000000
-0.00598534500000000
-0.00603196000000000
-0.00619945300000000
-0.00657217900000000
-0.00705873400000000
-0.00765431500000000
-0.00838379800000000
-0.00908888200000000
-0.00950738100000000
-0.00959582400000000
-0.00932558100000000
-0.00849724300000000
-0.00703386000000000
-0.00517271600000000
-0.00315595000000000
-0.00108595200000000
0.000640270900000000
0.00171778000000000
0.00191734200000000
0.00157030500000000
0.000945419400000000
-4.24739700000000e-05
-0.00125745700000000
-0.00225810200000000
-0.00320979900000000
-0.00443483600000000
-0.00598655800000000
-0.00762928700000000
-0.00922848400000000
-0.0107793600000000
-0.0121944600000000
-0.0133157600000000
-0.0140485600000000
-0.0143968800000000
-0.0143039600000000
-0.0137770000000000
-0.0129526700000000
-0.0122958600000000
-0.0119415500000000
-0.0116678400000000
-0.0112963800000000
-0.0107496300000000
-0.0100223800000000
-0.00900308000000000
-0.00756888500000000
-0.00568480500000000
-0.00340423000000000
-0.00102918600000000
0.00107285000000000
0.00271012800000000
0.00393326800000000
0.00473123200000000
0.00488659400000000
0.00432598700000000
0.00326007300000000
0.00174089800000000
3.96559100000000e-05
-0.00171508000000000
-0.00338495500000000
-0.00451743400000000
-0.00534013400000000
-0.00616378100000000
-0.00693999800000000
-0.00759435300000000
-0.00814896400000000
-0.00860705200000000
-0.00889145300000000
-0.00907618700000000
-0.00923725300000000
-0.00931732300000000
-0.00932306700000000
-0.00918007000000000
-0.00882448700000000
-0.00826681300000000
-0.00739560500000000
-0.00602437800000000
-0.00415113000000000
-0.00201538200000000
0.000314128700000000
0.00252351300000000
0.00429404900000000
0.00561342600000000
0.00647204700000000
0.00693391400000000
0.00721471600000000
0.00738858300000000
0.00763081300000000
0.00804954600000000
0.00845241700000000
0.00872821200000000
0.00890414600000000
0.00894155800000000
0.00881644200000000
0.00859277200000000
0.00837475900000000
0.00818595200000000
0.00806932600000000
0.00808161300000000
0.00809780600000000
0.00788410000000000
0.00733458000000000
0.00641217800000000
0.00521300800000000
0.00399129700000000
0.00286188600000000
0.00204192000000000
0.00166242600000000
0.00152211800000000
0.00135011300000000
0.00101535000000000
0.000330413100000000
-0.000818580000000000
-0.00245949800000000
-0.00452980500000000
-0.00703402600000000
-0.00968073400000000
-0.0118615900000000
-0.0135338100000000
-0.0147021600000000
-0.0156516500000000
-0.0168167600000000
-0.0182541300000000
-0.0196626300000000
-0.0206835400000000
-0.0210529200000000
-0.0208464000000000
-0.0204205400000000
-0.0196600900000000
-0.0184057300000000
-0.0168251600000000
-0.0150383500000000
-0.0128855000000000
-0.0104686700000000
-0.00804512300000000
-0.00585852200000000
-0.00439636400000000
-0.00374400400000000
-0.00315854200000000
-0.00231851600000000
-0.00107367600000000
0.000520438300000000
0.00217495200000000
0.00354505700000000
0.00427724500000000
0.00418359000000000
0.00333530100000000
0.00199416000000000
0.000430491800000000
-0.000741381900000000
-0.00132499500000000
-0.00123633600000000
-0.000325064300000000
0.00138030800000000
0.00336330600000000
0.00468753500000000
0.00538647200000000
0.00551014200000000
0.00498707600000000
0.00415492300000000
0.00328944700000000
0.00231272900000000
0.00133361700000000
0.000589359900000000
-4.34217300000000e-05
-0.000608080000000000
-0.000991618800000000
-0.00108755100000000
-0.000872278000000000
-0.000486930600000000
-0.000269806900000000
-0.000296189700000000
-0.000369970000000000
-0.000308946300000000
4.84379500000000e-06
0.000620910100000000
0.00147956200000000
0.00232973000000000
0.00274085700000000
0.00253714200000000
0.00186878900000000
0.000782637900000000
-0.000648667100000000
-0.00214911000000000
-0.00391442300000000
-0.00596409300000000
-0.00794664100000000
-0.00968850600000000
-0.0111908700000000
-0.0123564900000000
-0.0131117500000000
-0.0134455900000000
-0.0133091200000000
-0.0128350200000000
-0.0118617800000000
-0.0103582300000000
-0.00877987000000000
-0.00748369900000000
-0.00628079500000000
-0.00508035300000000
-0.00401069100000000
-0.00319045800000000
-0.00254193700000000
-0.00186144700000000
-0.00104661400000000
-0.000227599800000000
0.000480578400000000
0.00107540900000000
0.00164690100000000
0.00214496000000000
0.00247260500000000
0.00259845100000000
0.00257129900000000
0.00246258900000000
0.00240909200000000
0.00244101900000000
0.00247518000000000
0.00244760300000000
0.00233832300000000
0.00217354300000000
0.00200151000000000
0.00192973900000000
0.00211329500000000
0.00272864100000000
0.00394156300000000
0.00584368100000000
0.00817256700000000
0.0103134500000000
0.0122489900000000
0.0138717900000000
0.0150510300000000
0.0159181300000000
0.0166115800000000
0.0172078400000000
0.0178688000000000
0.0184367700000000
0.0186900200000000
0.0185843700000000
0.0181264100000000
0.0175056200000000
0.0171679800000000
0.0171349200000000
0.0172166100000000
0.0172821400000000
0.0173944500000000
0.0176422600000000
0.0180356500000000
0.0184467000000000
0.0186543400000000
0.0185184200000000
0.0178941500000000
0.0168291800000000
0.0156024300000000
0.0145586700000000
0.0136811600000000
0.0129476000000000
0.0123048400000000
0.0117467800000000
0.0113221400000000
0.0110847600000000
0.0110604600000000
0.0111305000000000
0.0110056400000000
0.0105675700000000
0.00990458700000000
0.00915596900000000
0.00852981900000000
0.00822633900000000
0.00821653500000000
0.00837496800000000
0.00849014800000000
0.00831755500000000
0.00783154400000000
0.00707049300000000
0.00616318700000000
0.00532552300000000
0.00450538900000000
0.00366173700000000
0.00284732200000000
0.00207364400000000
0.00131745600000000
0.000587491900000000
-7.90852000000000e-05
-0.000650007800000000
-0.00112082900000000
-0.00154065900000000
-0.00193115800000000
-0.00223355300000000
-0.00243654000000000
-0.00257255900000000
-0.00263358700000000
-0.00267917700000000
-0.00276862500000000
-0.00288874900000000
-0.00304906200000000
-0.00329688200000000
-0.00371305400000000
-0.00436764900000000
-0.00525427500000000
-0.00623674100000000
-0.00721684700000000
-0.00825051600000000
-0.00930141100000000
-0.0102361500000000
-0.0109692200000000
-0.0113788600000000
-0.0113526400000000
-0.0108782100000000
-0.0102114500000000
-0.00988674700000000
-0.0100153100000000
-0.0105352200000000
-0.0114011000000000
-0.0124844000000000
-0.0135302700000000
-0.0144963100000000
-0.0155057600000000
-0.0165480400000000
-0.0174867300000000
-0.0182240400000000
-0.0185871500000000
-0.0183618600000000
-0.0173946100000000
-0.0157684300000000
-0.0139950900000000
-0.0124375100000000
-0.0108727100000000
-0.00924891100000000
-0.00783468900000000
-0.00684483600000000
-0.00635905100000000
-0.00637522100000000
-0.00664201700000000
-0.00658479500000000
-0.00594857400000000
-0.00483470300000000
-0.00336973500000000
-0.00176462500000000
-0.000340455900000000
0.000858671000000000
0.00174257600000000
0.00217211200000000
0.00219605200000000
0.00198280900000000
0.00170439100000000
0.00160150600000000
0.00181647900000000
0.00218684500000000
0.00251833500000000
0.00264020200000000
0.00245604700000000
0.00194792000000000
0.00118712700000000
0.000251904700000000
-0.000788633700000000
-0.00176349100000000
-0.00274027000000000
-0.00385284300000000
-0.00513036100000000
-0.00653488400000000
-0.00809849900000000
-0.00973024200000000
-0.0111690700000000
-0.0121808300000000
-0.0126277800000000
-0.0124435600000000
-0.0115105300000000
-0.00964100100000000
-0.00716587400000000
-0.00495341800000000
-0.00282586100000000
-0.000744377900000000
0.000865682600000000
0.00171241800000000
0.00210952400000000
0.00245710700000000
0.00280786300000000
0.00332617500000000
0.00388912600000000
0.00435143000000000
0.00471784200000000
0.00484033200000000
0.00466328200000000
0.00427876300000000
0.00367359500000000
0.00276726900000000
0.00163242200000000
0.000420876900000000
-0.000925160200000000
-0.00232327300000000
-0.00347324200000000
-0.00421041000000000
-0.00440824500000000
-0.00411568700000000
-0.00369478200000000
-0.00285998400000000
-0.00137572600000000
0.000572305500000000
0.00262774500000000
0.00492653600000000
0.00731909200000000
0.00920782800000000
0.0104412700000000
0.0113934400000000
0.0122468600000000
0.0127272000000000
0.0126687900000000
0.0123260400000000
0.0117308900000000
0.0107747600000000
0.00973512200000000
0.00904389900000000
0.00854517000000000
0.00805848300000000
0.00750054600000000
0.00683332800000000
0.00604955200000000
0.00514258100000000
0.00412054800000000
0.00302964100000000
0.00196750500000000
0.00105084600000000
0.000391493300000000
0.000106988300000000
0.000305638400000000
0.000990016400000000
0.00211456300000000
0.00352333800000000
0.00476697600000000
0.00583553400000000
0.00682066900000000
0.00763768400000000
0.00816759000000000
0.00825628100000000
0.00790317700000000
0.00746035100000000
0.00712791000000000
0.00709633400000000
0.00722708900000000
0.00736416500000000
0.00740872900000000
0.00719457600000000
0.00650427100000000
0.00515064300000000
0.00306575000000000
0.000488988000000000
-0.00194363500000000
-0.00389406700000000
-0.00533762000000000
-0.00643846200000000
-0.00748614900000000
-0.00839041200000000
-0.00889276100000000
-0.00874782800000000
-0.00767718300000000
-0.00584528200000000
-0.00393752200000000
-0.00194234200000000
0.000221937800000000
0.00214018400000000
0.00326113500000000
0.00382987100000000
0.00431168800000000
0.00480982400000000
0.00518009900000000
0.00528016900000000
0.00502538100000000
0.00444309700000000
0.00378591800000000
0.00326440200000000
0.00278069000000000
0.00232182100000000
0.00201152400000000
0.00188137100000000
0.00180934800000000
0.00163331200000000
0.00130274900000000
0.000728927400000000
-0.000172463800000000
-0.00128490600000000
-0.00237228100000000
-0.00340893100000000
-0.00440985500000000
-0.00534294000000000
-0.00614885800000000
-0.00670240100000000
-0.00684920500000000
-0.00651938400000000
-0.00584882300000000
-0.00513383500000000
-0.00453424600000000
-0.00404184700000000
-0.00356765400000000
-0.00313500700000000
-0.00278565300000000
-0.00246551200000000
-0.00210290600000000
-0.00167206300000000
-0.00130778300000000
-0.00117719700000000
-0.00139770200000000
-0.00197863500000000
-0.00279128500000000
-0.00360893800000000
-0.00442104300000000
-0.00522102000000000
-0.00583486300000000
-0.00607333000000000
-0.00611447600000000
-0.00627235800000000
-0.00659344500000000
-0.00702874600000000
-0.00755162300000000
-0.00812838600000000
-0.00873356900000000
-0.00933542100000000
-0.00988723800000000
-0.0104099500000000
-0.0109440800000000
-0.0115093600000000
-0.0120910400000000
-0.0126358800000000
-0.0130502200000000
-0.0132203600000000
-0.0130492400000000
-0.0125477200000000
-0.0118708200000000
-0.0111275300000000
-0.0103761100000000
-0.00942707500000000
-0.00816419300000000
-0.00670719700000000
-0.00540374500000000
-0.00436347800000000
-0.00340318400000000
-0.00230696200000000
-0.00102965300000000
0.000287040700000000
0.00142199200000000
0.00223226500000000
0.00270718600000000
0.00300407400000000
0.00343706300000000
0.00402100200000000
0.00465287400000000
0.00526988600000000
0.00583581600000000
0.00630225300000000
0.00665220700000000
0.00691297700000000
0.00710292400000000
0.00729422900000000
0.00763273400000000
0.00827599500000000
0.00931712300000000
0.0107405300000000
0.0123634900000000
0.0140515900000000
0.0156443400000000
0.0168463500000000
0.0173877800000000
0.0170480700000000
0.0162889800000000
0.0155714300000000
0.0148543000000000
0.0142447800000000
0.0137732400000000
0.0133935100000000
0.0132056800000000
0.0133161400000000
0.0134698000000000
0.0132445400000000
0.0124887600000000
0.0111067300000000
0.00914181200000000
0.00690198600000000
0.00487726100000000
0.00327012500000000
0.00213598700000000
0.00159808700000000
0.00163506700000000
0.00217582300000000
0.00312696000000000
0.00421009200000000
0.00500760800000000
0.00539764500000000
0.00552449100000000
0.00545336300000000
0.00517339600000000
0.00466177400000000
0.00392006300000000
0.00316579400000000
0.00268164200000000
0.00232313200000000
0.00194132800000000
0.00149135300000000
0.000996044400000000
0.000463028600000000
-0.000111973700000000
-0.000729753300000000
-0.00139969400000000
-0.00216453200000000
-0.00308661600000000
-0.00419570700000000
-0.00543595700000000
-0.00662312700000000
-0.00756774100000000
-0.00818522900000000
-0.00840131000000000
-0.00817651900000000
-0.00762413700000000
-0.00693720700000000
-0.00612051000000000
-0.00533886300000000
-0.00456716200000000
-0.00359971300000000
-0.00235263100000000
-0.000975006700000000
0.000205471600000000
0.00124521900000000
0.00226790100000000
0.00339374400000000
0.00470882700000000
0.00613604900000000
0.00750303500000000
0.00857578900000000
0.00921826000000000
0.00948373000000000
0.00957002100000000
0.00945303700000000
0.00914948600000000
0.00885260500000000
0.00849419100000000
0.00809873200000000
0.00769267600000000
0.00715956200000000
0.00644944300000000
0.00564787200000000
0.00495787800000000
0.00447773900000000
0.00424326300000000
0.00424557500000000
0.00436258900000000
0.00444059500000000
0.00453605000000000
0.00465493800000000
0.00467547800000000
0.00449245600000000
0.00413090400000000
0.00368151500000000
0.00329734900000000
0.00305706700000000
0.00295901600000000
0.00301429900000000
0.00321987600000000
0.00347198200000000
0.00354021100000000
0.00313143300000000
0.00226521400000000
0.00117747900000000
0.000232759500000000
-0.000656257600000000
-0.00160370200000000
-0.00258500900000000
-0.00345309700000000
-0.00413122100000000
-0.00465469900000000
-0.00511299300000000
-0.00564098000000000
-0.00618803800000000
-0.00670717000000000
-0.00720882200000000
-0.00765863300000000
-0.00799101100000000
-0.00817915600000000
-0.00828144300000000
-0.00842316700000000
-0.00856698800000000
-0.00866562800000000
-0.00871873400000000
-0.00875659500000000
-0.00873797000000000
-0.00862266000000000
-0.00840291000000000
-0.00811923200000000
-0.00779943000000000
-0.00731180300000000
-0.00652362600000000
-0.00540362000000000
-0.00406234200000000
-0.00253553600000000
-0.000859491600000000
0.000730953300000000
0.00205425800000000
0.00299028000000000
0.00339584800000000
0.00339641600000000
0.00333602100000000
0.00328336200000000
0.00311640400000000
0.00284539800000000
0.00250314700000000
0.00227282700000000
0.00210698400000000
0.00185941400000000
0.00142486600000000
0.000725899500000000
-0.000257402500000000
-0.00143312000000000
-0.00250631900000000
-0.00303145100000000
-0.00290496100000000
-0.00217906600000000
-0.000893068200000000
0.000844692100000000
0.00262314100000000
0.00443189300000000
0.00622914900000000
0.00759892100000000
0.00820645600000000
0.00816813500000000
0.00752585900000000
0.00649247500000000
0.00544714900000000
0.00433082600000000
0.00329679100000000
0.00231929600000000
0.00118186300000000
-0.000128423500000000
-0.00141920000000000
-0.00265516400000000
-0.00377310400000000
-0.00466835500000000
-0.00527179800000000
-0.00564211900000000
-0.00599241000000000
-0.00635088800000000
-0.00673837000000000
-0.00716534400000000
-0.00754013700000000
-0.00781558700000000
-0.00802696100000000
-0.00823535500000000
-0.00841159500000000
-0.00852285400000000
-0.00856637900000000
-0.00856289000000000
-0.00849767100000000
-0.00838033000000000
-0.00828394400000000
-0.00833051500000000
-0.00855408400000000
-0.00890711500000000
-0.00929060700000000
-0.00969339300000000
-0.0101037600000000
-0.0104389600000000
-0.0106079900000000
-0.0105234000000000
-0.0101214500000000
-0.00951950200000000
-0.00904152100000000
-0.00892725400000000
-0.00911171200000000
-0.00944906500000000
-0.00974652500000000
-0.00990554500000000
-0.00991472900000000
-0.00976921800000000
-0.00951260600000000
-0.00922494600000000
-0.00901261000000000
-0.00887446500000000
-0.00875656400000000
-0.00860588000000000
-0.00836668300000000
-0.00793553500000000
-0.00722180800000000
-0.00621741300000000
-0.00503281400000000
-0.00369269400000000
-0.00220868900000000
-0.000749426500000000
0.000588246800000000
0.00165284100000000
0.00219052000000000
0.00219516500000000
0.00196826200000000
0.00158272900000000
0.00113646600000000
0.000867449100000000
0.000840229800000000
0.000959894000000000
0.00118322900000000
0.00152165100000000
0.00197524900000000
0.00248855500000000
0.00306588400000000
0.00372192200000000
0.00443303000000000
0.00529263000000000
0.00629437400000000
0.00730334200000000
0.00835332800000000
0.00943031700000000
0.0104265000000000
0.0111902500000000
0.0115291700000000
0.0113719400000000
0.0109001300000000
0.0102068500000000
0.00941850800000000
0.00887082200000000
0.00843818300000000
0.00800850000000000
0.00759193400000000
0.00722699700000000
0.00701374500000000
0.00707142900000000
0.00744242200000000
0.00800455700000000
0.00871057800000000
0.00953371500000000
0.0104384600000000
0.0114223200000000
0.0123402500000000
0.0131294100000000
0.0136460900000000
0.0136739900000000
0.0132207700000000
0.0125034400000000
0.0115652700000000
0.0106569800000000
0.00997410000000000
0.00937125000000000
0.00877168600000000
0.00819613700000000
0.00764340600000000
0.00714074500000000
0.00672060300000000
0.00640437400000000
0.00620658500000000
0.00606591800000000
0.00601462000000000
0.00615349300000000
0.00647911600000000
0.00683869300000000
0.00707608000000000
0.00704113300000000
0.00668131600000000
0.00598756300000000
0.00506180700000000
0.00401819700000000
0.00268818300000000
0.00100929500000000
-0.000734303000000000
-0.00199559700000000
-0.00289206000000000
-0.00367136700000000
-0.00443990200000000
-0.00513558800000000
-0.00570863000000000
-0.00621526500000000
-0.00666430100000000
-0.00693280400000000
-0.00699260900000000
-0.00690196600000000
-0.00661862400000000
-0.00625231100000000
-0.00607008100000000
-0.00604247500000000
-0.00610703100000000
-0.00621090000000000
-0.00628693000000000
-0.00637098300000000
-0.00648433700000000
-0.00658400600000000
-0.00656891500000000
-0.00632388300000000
-0.00572186800000000
-0.00469018700000000
-0.00335746600000000
-0.00208839100000000
-0.00104542000000000
-0.000197568400000000
0.000402346900000000
0.000614819500000000
0.000283243900000000
-0.000612443800000000
-0.00184541200000000
-0.00310878300000000
-0.00402104400000000
-0.00471035300000000
-0.00526632700000000
-0.00561813700000000
-0.00569610100000000
-0.00558160400000000
-0.00548934600000000
-0.00541820600000000
-0.00538265900000000
-0.00552729100000000
-0.00582521500000000
-0.00625233100000000
-0.00679532800000000
-0.00741027100000000
-0.00813874500000000
-0.00892498400000000
-0.00959456400000000
-0.0101724500000000
-0.0106683800000000
-0.0110304700000000
-0.0111901400000000
-0.0110920500000000
-0.0106802900000000
-0.00998960200000000
-0.00926820500000000
-0.00868528700000000
-0.00811138900000000
-0.00746459300000000
-0.00680739100000000
-0.00625678200000000
-0.00580223400000000
-0.00540146500000000
-0.00501964000000000
-0.00478273500000000
-0.00482674000000000
-0.00525889600000000
-0.00612295800000000
-0.00721806300000000
-0.00823433000000000
-0.00920200100000000
-0.0100333500000000
-0.0104770400000000
-0.0106060700000000
-0.0105972100000000
-0.0105001400000000
-0.0103186800000000
-0.0100997200000000
-0.00978601500000000
-0.00945411100000000
-0.00926029400000000
-0.00915702300000000
-0.00909293600000000
-0.00904095600000000
-0.00895774800000000
-0.00878182400000000
-0.00851254500000000
-0.00816079100000000
-0.00774589300000000
-0.00731902400000000
-0.00697617400000000
-0.00682591500000000
-0.00694584100000000
-0.00737031900000000
-0.00803042700000000
-0.00867100600000000
-0.00897753000000000
-0.00894218900000000
-0.00860895100000000
-0.00805177600000000
-0.00734160000000000
-0.00655111800000000
-0.00589274700000000
-0.00542208100000000
-0.00503196200000000
-0.00463931200000000
-0.00420180500000000
-0.00370330800000000
-0.00313993100000000
-0.00249916200000000
-0.00175617800000000
-0.000892339400000000
8.61654600000000e-05
0.00110406400000000
0.00203075500000000
0.00291406700000000
0.00382657100000000
0.00481460000000000
0.00592603000000000
0.00724182700000000
0.00880627900000000
0.0105452700000000
0.0122701000000000
0.0139808500000000
0.0156242100000000
0.0170841700000000
0.0183426000000000
0.0193968700000000
0.0202164600000000
0.0207790500000000
0.0211733900000000
0.0213548300000000
0.0213757100000000
0.0214792900000000
0.0215789400000000
0.0216447100000000
0.0217735600000000
0.0219213700000000
0.0220418200000000
0.0221041400000000
0.0220672100000000
0.0218658000000000
0.0214382800000000
0.0207684000000000
0.0198748600000000
0.0187305000000000
0.0174771800000000
0.0164621700000000
0.0158033000000000
0.0155253000000000
0.0156350100000000
0.0160908000000000
0.0166249000000000
0.0167538400000000
0.0165311700000000
0.0160690700000000
0.0154233900000000
0.0146184700000000
0.0137121100000000
0.0127163600000000
0.0115328800000000
0.0102276800000000
0.00906753500000000
0.00808592900000000
0.00723992400000000
0.00651810800000000
0.00592074300000000
0.00551263300000000
0.00528717800000000
0.00506914200000000
0.00463046800000000
0.00401883200000000
0.00330048100000000
0.00252115500000000
0.00173915700000000
0.000945094700000000
9.52531500000000e-05
-0.000799235100000000
-0.00162951100000000
-0.00224678600000000
-0.00262151700000000
-0.00277873000000000
-0.00283309800000000
-0.00292328400000000
-0.00298424700000000
-0.00300054200000000
-0.00306949000000000
-0.00323542900000000
-0.00347987900000000
-0.00379153500000000
-0.00415125500000000
-0.00450653200000000
-0.00483195400000000
-0.00517193200000000
-0.00554992500000000
-0.00594332500000000
-0.00633241000000000
-0.00673593000000000
-0.00716002300000000
-0.00758977600000000
-0.00801789900000000
-0.00843332300000000
-0.00881464500000000
-0.00913381100000000
-0.00937283100000000
-0.00952503400000000
-0.00951649200000000
-0.00930373000000000
-0.00894500100000000
-0.00863428700000000
-0.00851662000000000
-0.00853695100000000
-0.00860938800000000
-0.00865738000000000
-0.00871129200000000
-0.00881867900000000
-0.00899347400000000
-0.00919660200000000
-0.00939385900000000
-0.00960150500000000
-0.00980159300000000
-0.00991892100000000
-0.00984179200000000
-0.00952431500000000
-0.00905299300000000
-0.00862644100000000
-0.00828627900000000
-0.00792286400000000
-0.00745415900000000
-0.00687288800000000
-0.00627373800000000
-0.00579691900000000
-0.00547347900000000
-0.00531454100000000
-0.00529326200000000
-0.00531686400000000
-0.00538370500000000
-0.00555488500000000
-0.00580429900000000
-0.00598991100000000
-0.00605045800000000
-0.00601757300000000
-0.00592921800000000
-0.00581857300000000
-0.00564170000000000
-0.00536297500000000
-0.00501999000000000
-0.00471967500000000
-0.00442589400000000
-0.00405473000000000
-0.00356681100000000
-0.00299697600000000
-0.00246273800000000
-0.00205298300000000
-0.00185763000000000
-0.00196394200000000
-0.00240005100000000
-0.00303452500000000
-0.00353766500000000
-0.00372237000000000
-0.00356234400000000
-0.00302610900000000
-0.00211219400000000
-0.000873128200000000
0.000403762800000000
0.00135980500000000
0.00208894900000000
0.00268481200000000
0.00314860200000000
0.00346187900000000
0.00361862700000000
0.00361771300000000
0.00336173200000000
0.00290331300000000
0.00250993600000000
0.00224584600000000
0.00197292500000000
0.00160808200000000
0.00117369300000000
0.000789473000000000
0.000559103900000000
0.000574850000000000
0.000890241000000000
0.00149898900000000
0.00224443700000000
0.00279948100000000
0.00320293300000000
0.00349331400000000
0.00362880600000000
0.00357391700000000
0.00330964900000000
0.00291791100000000
0.00261283000000000
0.00247057700000000
0.00242921600000000
0.00246105000000000
0.00258036300000000
0.00280419500000000
0.00309448500000000
0.00334815200000000
0.00353622400000000
0.00369477700000000
0.00382175400000000
0.00387132500000000
0.00382329300000000
0.00367008600000000
0.00344244200000000
0.00315902000000000
0.00268603100000000
0.00191903500000000
0.000903305900000000
-0.000151752500000000
-0.00119210200000000
-0.00214633300000000
-0.00280697300000000
-0.00305498200000000
-0.00307416000000000
-0.00309283800000000
-0.00308459000000000
-0.00307851100000000
-0.00309640600000000
-0.00304949800000000
-0.00293131200000000
-0.00283419600000000
-0.00274033600000000
-0.00258910200000000
-0.00233842400000000
-0.00197140500000000
-0.00151449600000000
-0.00104901500000000
-0.000637971400000000
-0.000267822500000000
7.35250600000000e-05
0.000383882600000000
0.000656630100000000
0.000890577500000000
0.00111066900000000
0.00136724800000000
0.00165228900000000
0.00195681000000000
0.00228424700000000
0.00264167300000000
0.00303155000000000
0.00343924800000000
0.00382138700000000
0.00410328300000000
0.00422495200000000
0.00419205700000000
0.00407949400000000
0.00404929800000000
0.00421675400000000
0.00453710500000000
0.00490831500000000
0.00519753000000000
0.00537415900000000
0.00545919300000000
0.00548253800000000
0.00545978500000000
0.00533588300000000
0.00506365500000000
0.00465193800000000
0.00421161000000000
0.00387464500000000
0.00357198200000000
0.00322105600000000
0.00277990700000000
0.00224924000000000
0.00169187700000000
0.00118258700000000
0.000696634000000000
0.000194903700000000
-0.000350057900000000
-0.000949978400000000
-0.00156882900000000
-0.00210473400000000
-0.00240463200000000
-0.00230492100000000
-0.00171694300000000
-0.000741245900000000
0.000281054800000000
0.00123624500000000
0.00219587600000000
0.00306600900000000
0.00362240200000000
0.00376312800000000
0.00340187500000000
0.00249653800000000
0.00116046800000000
-0.000326207700000000
-0.00144605400000000
-0.00236031300000000
-0.00321970900000000
-0.00397957800000000
-0.00455610700000000
-0.00486772100000000
-0.00488859600000000
-0.00469149600000000
-0.00439496300000000
-0.00400697400000000
-0.00352903900000000
-0.00314680600000000
-0.00292865100000000
-0.00279337200000000
-0.00267738700000000
-0.00252267100000000
-0.00226820000000000
-0.00193845200000000
-0.00157287600000000
-0.00120365100000000
-0.000861740200000000
-0.000574816900000000
-0.000372038900000000
-0.000275196400000000
-0.000283418500000000
-0.000336353300000000
-0.000323966700000000
-0.000273252000000000
-0.000220452500000000
-0.000173435200000000
-0.000116087500000000
-3.37241800000000e-06
0.000224606700000000
0.000608724500000000
0.00107673900000000
0.00135358800000000
0.00123213900000000
0.000971912500000000
0.000614659500000000
0.000212595900000000
-9.67145000000000e-05
-0.000402681600000000
-0.000790035000000000
-0.00126458600000000
-0.00173291500000000
-0.00205089500000000
-0.00216326400000000
-0.00204346700000000
-0.00168187100000000
-0.00120509300000000
-0.000883261300000000
-0.000733474800000000
-0.000675460700000000
-0.000661177600000000
-0.000685989600000000
-0.000783087200000000
-0.000970980200000000
-0.00119796800000000
-0.00133906400000000
-0.00139079800000000
-0.00133755100000000
-0.00112893900000000
-0.000759236400000000
-0.000312065700000000
0.000211073400000000
0.000860195100000000
0.00158109200000000
0.00217028700000000
0.00245065900000000
0.00243120400000000
0.00220602700000000
0.00189410600000000
0.00153166700000000
0.00124605500000000
0.00107537100000000
0.000962782900000000
0.000900217300000000
0.000924639400000000
0.00103470600000000
0.00114164800000000
0.00109742000000000
0.000881934900000000
0.000548263600000000
0.000187694000000000
-0.000102724500000000
-0.000315832600000000
-0.000443675800000000
-0.000454117400000000
-0.000307288200000000
1.63202100000000e-05
0.000447379300000000
0.000835159300000000
0.00124562500000000
0.00172814500000000
0.00221943800000000
0.00255530200000000
0.00261685100000000
0.00238413300000000
0.00186982100000000
0.00118647100000000
0.000593843100000000
6.43310700000000e-05
-0.000512339500000000
-0.00113712900000000
-0.00174914300000000
-0.00235322400000000
-0.00292769200000000
-0.00346854000000000
-0.00399692800000000
-0.00454243800000000
-0.00507994400000000
-0.00553387000000000
-0.00583668800000000
-0.00593224900000000
-0.00583738500000000
-0.00566177500000000
-0.00540184100000000
-0.00507862200000000
-0.00480731100000000
-0.00451212500000000
-0.00405294800000000
-0.00334261000000000
-0.00240541700000000
-0.00139910100000000
-0.000409849000000000
0.000538953300000000
0.00133007700000000
0.00178346300000000
0.00193238500000000
0.00195873600000000
0.00206174300000000
0.00218674300000000
0.00231521900000000
0.00248400900000000
0.00262680800000000
0.00271650000000000
0.00278945400000000
0.00289201600000000
0.00306554600000000
0.00334993100000000
0.00375894200000000
0.00427813000000000
0.00481764000000000
0.00519979300000000
0.00537975000000000
0.00538584100000000
0.00528550100000000
0.00516127800000000
0.00503574800000000
0.00496069100000000
0.00485694400000000
0.00465003200000000
0.00433373900000000
0.00396876800000000
0.00354171200000000
0.00297643000000000
0.00224460000000000
0.00143050200000000
0.000723124200000000
0.000175443200000000
-0.000152577500000000
-0.000164655500000000
0.000226433500000000
0.00100311900000000
0.00198219900000000
0.00274860200000000
0.00316972200000000
0.00341566800000000
0.00366483100000000
0.00405457700000000
0.00455856900000000
0.00507586000000000
0.00547112200000000
0.00559711300000000
0.00534985800000000
0.00473971800000000
0.00399158800000000
0.00337240000000000
0.00272777500000000
0.00191397800000000
0.000951865200000000
3.73378000000000e-05
-0.000623863200000000
-0.000990741800000000
-0.00105733600000000
-0.000935077600000000
-0.000847281900000000
-0.000661146500000000
-0.000266199500000000
0.000233799000000000
0.000568492600000000
0.000794857600000000
0.000989612700000000
0.00117008400000000
0.00132868800000000
0.00141156800000000
0.00137627700000000
0.00124116200000000
0.00109659100000000
0.000905899400000000
0.000618933300000000
0.000245408500000000
-0.000260838200000000
-0.000917560100000000
-0.00162614100000000
-0.00223955900000000
-0.00275141900000000
-0.00314899400000000
-0.00339272400000000
-0.00346288600000000
-0.00338181300000000
-0.00312205800000000
-0.00273057200000000
-0.00239768400000000
-0.00216019400000000
-0.00190391500000000
-0.00155359200000000
-0.00110624100000000
-0.000560153200000000
6.99216000000000e-05
0.000693326800000000
0.00112810900000000
0.00116342100000000
0.000707912600000000
-0.000190020400000000
-0.00133842700000000
-0.00238814400000000
-0.00310328400000000
-0.00362882600000000
-0.00411090900000000
-0.00462383700000000
-0.00516995800000000
-0.00567445800000000
-0.00605554200000000
-0.00626520500000000
-0.00627456900000000
-0.00616137100000000
-0.00605856800000000
-0.00591866600000000
-0.00576152000000000
-0.00570735900000000
-0.00575406900000000
-0.00589159000000000
-0.00611128700000000
-0.00635377500000000
-0.00651129000000000
-0.00659642200000000
-0.00662140400000000
-0.00656536500000000
-0.00639510500000000
-0.00608382800000000
-0.00566046200000000
-0.00522734700000000
-0.00478659200000000
-0.00425669000000000
-0.00361151000000000
-0.00292989400000000
-0.00232707400000000
-0.00177264400000000
-0.00123248700000000
-0.000699564300000000
-0.000178942300000000
0.000293862900000000
0.000621174900000000
0.000708310300000000
0.000533874800000000
0.000173420800000000
-0.000373974300000000
-0.000965126900000000
-0.00139736700000000
-0.00176088900000000
-0.00214244500000000
-0.00254952000000000
-0.00294412400000000
-0.00328533000000000
-0.00353023400000000
-0.00363472300000000
-0.00348707200000000
-0.00303076800000000
-0.00238794800000000
-0.00186187700000000
-0.00150397600000000
-0.00129138900000000
-0.00126816300000000
-0.00152033100000000
-0.00213450700000000
-0.00310172900000000
-0.00418613400000000
-0.00508820600000000
-0.00593594900000000
-0.00681640200000000
-0.00764831100000000
-0.00830660600000000
-0.00872515900000000
-0.00885101100000000
-0.00859420700000000
-0.00785352300000000
-0.00677905800000000
-0.00584137500000000
-0.00515805900000000
-0.00448887500000000
-0.00364975600000000
-0.00259153200000000
-0.00142877100000000
-0.000340308800000000
0.000674176900000000
0.00163168500000000
0.00253506600000000
0.00335340400000000
0.00400328800000000
0.00444758400000000
0.00472662500000000
0.00483505300000000
0.00483154000000000
0.00476687900000000
0.00459562000000000
0.00439048600000000
0.00428495900000000
0.00423324200000000
0.00419273900000000
0.00416104500000000
0.00414827700000000
0.00417045700000000
0.00426321600000000
0.00444729600000000
0.00467275100000000
0.00483021900000000
0.00494178000000000
0.00503979600000000
0.00513438900000000
0.00522928900000000
0.00532488600000000
0.00543144800000000
0.00557552800000000
0.00580691500000000
0.00618308000000000
0.00675773100000000
0.00761209300000000
0.00880270100000000
0.0102099700000000
0.0115173300000000
0.0126310100000000
0.0134990300000000
0.0140427100000000
0.0143750400000000
0.0146840800000000
0.0148881300000000
0.0149306000000000
0.0147761800000000
0.0144889300000000
0.0143088000000000
0.0142205500000000
0.0141212900000000
0.0139627300000000
0.0137494000000000
0.0134870700000000
0.0131376600000000
0.0126667600000000
0.0120635200000000
0.0113739300000000
0.0106998300000000
0.0100161300000000
0.00926234800000000
0.00843164000000000
0.00759421400000000
0.00684459400000000
0.00625011800000000
0.00588980300000000
0.00582541700000000
0.00603347000000000
0.00634869700000000
0.00667890300000000
0.00695734800000000
0.00706971400000000
0.00705959900000000
0.00696522800000000
0.00679510100000000
0.00653565000000000
0.00618974600000000
0.00585239800000000
0.00564638300000000
0.00552889400000000
0.00544593100000000
0.00536407600000000
0.00524799000000000
0.00505749400000000
0.00476602700000000
0.00436987800000000
0.00388640100000000
0.00337706500000000
0.00290452300000000
0.00242382600000000
0.00188834900000000
0.00129558200000000
0.000681784100000000
1.89494200000000e-05
-0.000733762600000000
-0.00157906100000000
-0.00245233500000000
-0.00323540800000000
-0.00394522500000000
-0.00462661900000000
-0.00533024900000000
-0.00610850900000000
-0.00698018500000000
-0.00793985100000000
-0.00894714900000000
-0.00994470100000000
-0.0108721100000000
-0.0116248200000000
-0.0120682300000000
-0.0121078100000000
-0.0117770500000000
-0.0112730500000000
-0.0106058900000000
-0.00987578200000000
-0.00937883400000000
-0.00900327700000000
-0.00862475400000000
-0.00820878700000000
-0.00777735200000000
-0.00739253800000000
-0.00710161700000000
-0.00691784200000000
-0.00677711400000000
-0.00659586500000000
-0.00643313000000000
-0.00633609300000000
-0.00628378900000000
-0.00619140000000000
-0.00599700000000000
-0.00568217400000000
-0.00524356100000000
-0.00467697300000000
-0.00402708300000000
-0.00341518400000000
-0.00283062400000000
-0.00223299400000000
-0.00164323600000000
-0.00112043300000000
-0.000691214700000000
-0.000378048800000000
-0.000199082900000000
-0.000225399400000000
-0.000471717300000000
-0.000905771200000000
-0.00144487300000000
-0.00196547700000000
-0.00255498400000000
-0.00323793300000000
-0.00389685600000000
-0.00445342200000000
-0.00500185400000000
-0.00565409900000000
-0.00645188500000000
-0.00735853100000000
-0.00826805000000000
-0.00899023800000000
-0.00930235000000000
-0.00930699300000000
-0.00926315800000000
-0.00915887500000000
-0.00891725200000000
-0.00861166000000000
-0.00844879600000000
-0.00835517900000000
-0.00824342100000000
-0.00808840800000000
-0.00790399000000000
-0.00772686000000000
-0.00761011500000000
-0.00761092600000000
-0.00776436600000000
-0.00804361100000000
-0.00833890700000000
-0.00862635000000000
-0.00895465200000000
-0.00931294600000000
-0.00961377500000000
-0.00982015400000000
-0.00990946700000000
-0.00985288200000000
-0.00956385600000000
-0.00889687400000000
-0.00780501300000000
-0.00647318800000000
-0.00517997000000000
-0.00388975900000000
-0.00266341000000000
-0.00156088700000000
-0.000466867500000000
0.000714644600000000
0.00203335000000000
0.00349453300000000
0.00504381900000000
0.00656177200000000
0.00791821200000000
0.00896588100000000
0.00956091900000000
0.00961924300000000
0.00925318100000000
0.00882482900000000
0.00859516700000000
0.00846673400000000
0.00842668700000000
0.00850577900000000
0.00865101200000000
0.00882194100000000
0.00901268400000000
0.00929521700000000
0.00968815000000000
0.0101171400000000
0.0106005200000000
0.0111318200000000
0.0115781400000000
0.0116787900000000
0.0112596500000000
0.0104096500000000
0.00920185300000000
0.00775411100000000
0.00610864500000000
0.00408711000000000
0.00179064900000000
-0.000291544100000000
-0.00194327100000000
-0.00327676700000000
-0.00440483500000000
-0.00531147400000000
-0.00600023100000000
-0.00648953300000000
-0.00684881600000000
-0.00733472200000000
-0.00784026600000000
-0.00814366500000000
-0.00814725200000000
-0.00785518300000000
-0.00727678600000000
-0.00661137900000000
-0.00612827000000000
-0.00576331600000000
-0.00543291100000000
-0.00510109000000000
-0.00475467300000000
-0.00439618300000000
-0.00403161100000000
-0.00365193000000000
-0.00322309400000000
-0.00271810900000000
-0.00215067800000000
-0.00156179900000000
-0.00103576100000000
-0.000692851900000000
-0.000583394900000000
-0.000676037300000000
-0.000869826100000000
-0.00112672100000000
-0.00139068900000000
-0.00170695900000000
-0.00210055400000000
-0.00250259200000000
-0.00291377300000000
-0.00327024600000000
-0.00343874000000000
-0.00338321800000000
-0.00313164700000000
-0.00272619200000000
-0.00209603000000000
-0.00129926700000000
-0.000566073700000000
0.000110056000000000
0.000793780800000000
0.00144216100000000
0.00193982900000000
0.00234237600000000
0.00278789600000000
0.00344538600000000
0.00429679500000000
0.00525252000000000
0.00616597200000000
0.00688717000000000
0.00742789600000000
0.00786369300000000
0.00829163700000000
0.00864142800000000
0.00882850500000000
0.00882455600000000
0.00860846800000000
0.00817592900000000
0.00764886400000000
0.00703915600000000
0.00629510600000000
0.00547053800000000
0.00450698200000000
0.00337407400000000
0.00220810300000000
0.00122630600000000
0.000486726600000000
3.77995900000000e-05
-4.99769600000000e-05
0.000194329800000000
0.000593033800000000
0.00119856700000000
0.00187218300000000
0.00221487200000000
0.00221382000000000
0.00204460100000000
0.00189871600000000
0.00181268600000000
0.00169562400000000
0.00148001600000000
0.00118872500000000
0.000872192500000000
0.000429349700000000
-0.000204613400000000
-0.000965327900000000
-0.00167684600000000
-0.00233985800000000
-0.00301993900000000
-0.00374557600000000
-0.00452495900000000
-0.00531996000000000
-0.00603871600000000
-0.00658349100000000
-0.00691930100000000
-0.00705098100000000
-0.00688835300000000
-0.00630695900000000
-0.00537225900000000
-0.00440291000000000
-0.00350388000000000
-0.00259702800000000
-0.00174495400000000
-0.00107203600000000
-0.000654022500000000
-0.000573018300000000
-0.000821938500000000
-0.00118213600000000
-0.00137549700000000
-0.00146216600000000
-0.00147254100000000
-0.00144394700000000
-0.00144863000000000
-0.00152079800000000
-0.00166432600000000
-0.00185858800000000
-0.00206988100000000
-0.00227548200000000
-0.00248323000000000
-0.00270817000000000
-0.00296301500000000
-0.00324892700000000
-0.00354561800000000
-0.00380054000000000
-0.00392662300000000
-0.00382243900000000
-0.00344615200000000
-0.00285712000000000
-0.00225997900000000
-0.00180280100000000
-0.00142070600000000
-0.00106752200000000
-0.000763907100000000
-0.000562221900000000
-0.000484669900000000
-0.000510457300000000
-0.000535702700000000
-0.000426308700000000
-0.000189837800000000
0.000157393100000000
0.000606435900000000
0.00110862200000000
0.00156878400000000
0.00196904200000000
0.00226133900000000
0.00233955900000000
0.00208608600000000
0.00143160600000000
0.000464202100000000
-0.000540346200000000
-0.00155066400000000
-0.00251718300000000
-0.00322305900000000
-0.00365766000000000
-0.00392764200000000
-0.00415931200000000
-0.00430143700000000
-0.00435230400000000
-0.00440478600000000
-0.00433542800000000
-0.00406943500000000
-0.00369254900000000
-0.00334395000000000
-0.00296008300000000
-0.00250549700000000
-0.00202671400000000
-0.00151496700000000
-0.000912798000000000
-0.000190805900000000
0.000615247000000000
0.00140013300000000
0.00210208200000000
0.00271015900000000
0.00320661400000000
0.00357560000000000
0.00378448500000000
0.00380374100000000
0.00366506400000000
0.00331211200000000
0.00280210300000000
0.00225250700000000
0.00156374600000000
0.000726874900000000
-0.000171016400000000
-0.00113622500000000
-0.00206185600000000
-0.00276501600000000
-0.00319353100000000
-0.00332839700000000
-0.00312387600000000
-0.00267077600000000
-0.00222784500000000
-0.00173793500000000
-0.00122317900000000
-0.000692137700000000
1.37624100000000e-05
0.000972153400000000
0.00207896700000000
0.00307870800000000
0.00394928500000000
0.00467455700000000
0.00520830500000000
0.00553066400000000
0.00571282700000000
0.00593416800000000
0.00618280300000000
0.00641783700000000
0.00666959400000000
0.00687662300000000
0.00700710400000000
0.00710177200000000
0.00725534200000000
0.00751019500000000
0.00786580900000000
0.00828089600000000
0.00864906600000000
0.00886184000000000
0.00886207800000000
0.00860996900000000
0.00810725500000000
0.00749349100000000
0.00702007600000000
0.00656586900000000
0.00598239200000000
0.00521936800000000
0.00435530100000000
0.00361523100000000
0.00311687800000000
0.00284055200000000
0.00268972300000000
0.00251835600000000
0.00242435700000000
0.00250389400000000
0.00274665000000000
0.00309666400000000
0.00348259100000000
0.00387637800000000
0.00437371900000000
0.00501759300000000
0.00571783100000000
0.00627251000000000
0.00661558700000000
0.00676751900000000
0.00678941100000000
0.00670002200000000
0.00642545000000000
0.00599609500000000
0.00559433100000000
0.00526645900000000
0.00492691700000000
0.00454917700000000
0.00418693500000000
0.00388292800000000
0.00364824300000000
0.00348704800000000
0.00336795500000000
0.00321317000000000
0.00301412700000000
0.00283085000000000
0.00271203900000000
0.00267600700000000
0.00269044500000000
0.00267509900000000
0.00259862200000000
0.00245000800000000
0.00221850600000000
0.00191634400000000
0.00159145800000000
0.00126766900000000
0.000954956800000000
0.000702690500000000
0.000600456400000000
0.000702425100000000
0.000952888800000000
0.00117021600000000
0.00107385200000000
0.000616588900000000
-0.000174909100000000
-0.00115834100000000
-0.00207277400000000
-0.00299916100000000
-0.00398685600000000
-0.00494054500000000
-0.00579775300000000
-0.00652459200000000
-0.00703973500000000
-0.00724331100000000
-0.00710403000000000
-0.00672779400000000
-0.00616553500000000
-0.00552982000000000
-0.00511746100000000
-0.00482423000000000
-0.00454006800000000
-0.00424789200000000
-0.00394044700000000
-0.00362822100000000
-0.00332197800000000
-0.00301606500000000
-0.00271816200000000
-0.00247206800000000
-0.00229810300000000
-0.00216333700000000
-0.00198762300000000
-0.00176278000000000
-0.00151587900000000
-0.00127833400000000
-0.00108241800000000
-0.000944245200000000
-0.000872881500000000
-0.000859221400000000
-0.000870340100000000
-0.000908268300000000
-0.000999318000000000
-0.00113673800000000
-0.00125633600000000
-0.00122999900000000
-0.000963249500000000
-0.000488307200000000
5.68487600000000e-05
0.000533395700000000
0.00103457600000000
0.00165892200000000
0.00240653500000000
0.00319620400000000
0.00408368200000000
0.00508751400000000
0.00609750400000000
0.00691390400000000
0.00753119800000000
0.00800433700000000
0.00842440500000000
0.00881481500000000
0.00904660800000000
0.00903294600000000
0.00878201600000000
0.00825396700000000
0.00757187600000000
0.00691957700000000
0.00615279500000000
0.00518076700000000
0.00408017300000000
0.00291745700000000
0.00163394200000000
0.000269357700000000
-0.00100167200000000
-0.00210715600000000
-0.00311357200000000
-0.00410425000000000
-0.00502311700000000
-0.00576237600000000
-0.00625976900000000
-0.00651919600000000
-0.00666201700000000
-0.00683953800000000
-0.00691373500000000
-0.00677704800000000
-0.00649491200000000
-0.00628225800000000
-0.00615141500000000
-0.00603980300000000
-0.00592609900000000
-0.00582260100000000
-0.00576749100000000
-0.00582066300000000
-0.00604589700000000
-0.00645674000000000
-0.00694269500000000
-0.00728823300000000
-0.00754225600000000
-0.00777989500000000
-0.00803740100000000
-0.00832590700000000
-0.00862946300000000
-0.00892503800000000
-0.00918170300000000
-0.00937176900000000
-0.00948871700000000
-0.00955690300000000
-0.00954980500000000
-0.00940950000000000
-0.00912003600000000
-0.00876951400000000
-0.00852537000000000
-0.00832221900000000
-0.00823726400000000
-0.00783651300000000
-0.00726077800000000
-0.00654661000000000
-0.00579041900000000
-0.00490613300000000
-0.00382078300000000
-0.00257506500000000
-0.00134829100000000
-0.000275969700000000
0.000704301700000000
0.00166445700000000
0.00264942900000000
0.00364139200000000
0.00458457000000000
0.00541987500000000
0.00610782200000000
0.00660060400000000
0.00684409500000000
0.00689612400000000
0.00687184200000000
0.00671704300000000
0.00649463400000000
0.00640832200000000
0.00638258500000000
0.00632542800000000
0.00619592700000000
0.00599018000000000
0.00574455400000000
0.00548354100000000
0.00518624800000000
0.00482652200000000
0.00438973800000000
0.00388983900000000
0.00337569700000000
0.00282924500000000
0.00217679200000000
0.00137023000000000
0.000437268600000000
-0.000506702000000000
-0.00143164100000000
-0.00238590600000000
-0.00336927500000000
-0.00431902400000000
-0.00521035600000000
-0.00602543500000000
-0.00673926800000000
-0.00733902000000000
-0.00780368100000000
-0.00810232200000000
-0.00830408100000000
-0.00858637100000000
-0.00894291700000000
-0.00930094000000000
-0.00961900500000000
-0.00989446200000000
-0.0101533500000000
-0.0103694000000000
-0.0104882400000000
-0.0104599900000000
-0.0102516700000000
-0.00982758500000000
-0.00923506900000000
-0.00865189000000000
-0.00817713800000000
-0.00767704100000000
-0.00702028000000000
-0.00615031000000000
-0.00512594500000000
-0.00413697900000000
-0.00329111000000000
-0.00260119100000000
-0.00208143300000000
-0.00173115800000000
-0.00147671200000000
-0.00114999000000000
-0.000673214600000000
-6.06396200000000e-05
0.000687271900000000
0.00157475500000000
0.00256746200000000
0.00355521100000000
0.00446598900000000
0.00534619900000000
0.00620905500000000
0.00699395700000000
0.00761385700000000
0.00805461600000000
0.00836094500000000
0.00858312700000000
0.00864741000000000
0.00855970200000000
0.00845010300000000
0.00828970800000000
0.00804580300000000
0.00778660100000000
0.00752972300000000
0.00724480600000000
0.00694918900000000
0.00669469200000000
0.00650652200000000
0.00640731800000000
0.00640193900000000
0.00645161600000000
0.00652114500000000
0.00660111300000000
0.00663888700000000
0.00663228700000000
0.00663545600000000
0.00669002000000000
0.00677359800000000
0.00681463700000000
0.00670713800000000
0.00634445000000000
0.00571075300000000
0.00494259000000000
0.00430724300000000
0.00381439400000000
0.00337479200000000
0.00293276300000000
0.00245116600000000
0.00192217400000000
0.00136967700000000
0.000846717500000000
0.000414776200000000
0.000132761900000000
2.85761700000000e-05
7.48516800000000e-05
0.000259454000000000
0.000534810200000000
0.000745895300000000
0.000849727500000000
0.000917787600000000
0.00100247200000000
0.00112069800000000
0.00126438900000000
0.00140223800000000
0.00148717400000000
0.00146516500000000
0.00128907700000000
0.000958583400000000
0.000563455000000000
0.000223867300000000
-8.14945300000000e-05
-0.000347354600000000
-0.000518154400000000
-0.000604198800000000
-0.000638764600000000
-0.000674893900000000
-0.000715905600000000
-0.000727870200000000
-0.000711607900000000
-0.000711591500000000
-0.000738150500000000
-0.000797938000000000
-0.000915935500000000
-0.00112171700000000
-0.00143207400000000
-0.00181282500000000
-0.00218035200000000
-0.00256011700000000
-0.00295409700000000
-0.00333664400000000
-0.00373778600000000
-0.00416310800000000
-0.00457194100000000
-0.00488389900000000
-0.00503607200000000
-0.00500942800000000
-0.00485554300000000
-0.00470164600000000
-0.00455108700000000
-0.00439686100000000
-0.00429244800000000
-0.00422679700000000
-0.00417173400000000
-0.00411471100000000
-0.00405162800000000
-0.00397586000000000
-0.00387467000000000
-0.00375171800000000
-0.00361086300000000
-0.00345423300000000
-0.00328911500000000
-0.00313247900000000
-0.00301740500000000
-0.00298517700000000
-0.00304088000000000
-0.00315599900000000
-0.00326124000000000
-0.00330505100000000
-0.00330093600000000
-0.00325924800000000
-0.00318094400000000
-0.00306211700000000
-0.00287819200000000
-0.00261110600000000
-0.00229362200000000
-0.00200253400000000
-0.00170272700000000
-0.00136591400000000
-0.00101927200000000
-0.000728242000000000
-0.000491087100000000
-0.000296176200000000
-0.000130191100000000
3.62391800000000e-05
0.000213934600000000
0.000376052000000000
0.000500284500000000
0.000583865000000000
0.000618971700000000
0.000584048900000000
0.000483126800000000
0.000369477500000000
0.000304782000000000
0.000263127700000000
0.000213279600000000
0.000141590800000000
4.94650700000000e-05
-4.14812700000000e-05
-9.38334600000000e-05
-6.84204800000000e-05
6.01435000000000e-05
0.000292393900000000
0.000570393800000000
0.000782801100000000
0.000929698600000000
0.00105589600000000
0.00119351900000000
0.00136251900000000
0.00157263100000000
0.00182133500000000
0.00208298300000000
0.00231635100000000
0.00252393600000000
0.00271384700000000
0.00288840400000000
0.00304860700000000
0.00319255400000000
0.00330751400000000
0.00337371800000000
0.00338293800000000
0.00334483600000000
0.00325295100000000
0.00310034700000000
0.00291953100000000
0.00273855100000000
0.00255190400000000
0.00238138300000000
0.00225744300000000
0.00218939300000000
0.00218784900000000
0.00224994000000000
0.00234954100000000
0.00246408400000000
0.00254088200000000
0.00258492600000000
0.00261722700000000
0.00263822400000000
0.00263283000000000
0.00259016000000000
0.00251729100000000
0.00243683600000000
0.00235142700000000
0.00225210700000000
0.00214530300000000
0.00202590900000000
0.00189755600000000
0.00177820100000000
0.00165403000000000
0.00151164500000000
0.00134928700000000
0.00117899400000000
0.00102106800000000
0.000884586300000000
0.000783829200000000
0.000736588700000000
0.000753738800000000
0.000823528100000000
0.000907492100000000
0.000992442500000000
0.00105742100000000
0.00108525800000000
0.00108750000000000
0.00107161700000000
0.00104086900000000
0.00100071700000000
0.000951705900000000
0.000898043000000000
0.000857574800000000
0.000836154400000000
0.000827072500000000
0.000824652800000000
0.000822542100000000
0.000811781300000000
0.000791676000000000
0.000768159200000000
0.000745422400000000
0.000724423500000000
0.000704828200000000
0.000684719700000000
0.000659283000000000
0.000621705600000000
0.000564360900000000
0.000478033900000000
0.000359784700000000
0.000222536500000000
8.46357900000000e-05
-5.94385200000000e-05
-0.000201478000000000
-0.000312736700000000
-0.000377496800000000
-0.000397462500000000
-0.000382960100000000
-0.000360911500000000
-0.000360909600000000
-0.000376900700000000
-0.000406323700000000
-0.000449994600000000
-0.000502563000000000
-0.000557353700000000
-0.000604380300000000
-0.000640335600000000
-0.000674847800000000
-0.000716086300000000
-0.000766759600000000
-0.000821432800000000
-0.000868825200000000
-0.000913773700000000
-0.000961441800000000
-0.00101271400000000
-0.00106303700000000
-0.00110346100000000
-0.00113357400000000
-0.00115337400000000
-0.00116214500000000
-0.00115952200000000
-0.00114463000000000
-0.00112252000000000
-0.00110311700000000
-0.00108073300000000
-0.00105063000000000
-0.00101501800000000
-0.000981755300000000
-0.000952188400000000
-0.000921482500000000
-0.000886119700000000
-0.000845634600000000
-0.000802385000000000
-0.000756800500000000
-0.000712180600000000
-0.000676762100000000
-0.000661258000000000
-0.000666404800000000
-0.000684539400000000
-0.000706609200000000
-0.000723049000000000
-0.000724275700000000
-0.000715650600000000
-0.000702806800000000
-0.000688887200000000
-0.000676627200000000
-0.000668378200000000
-0.000663123000000000
-0.000658369700000000
-0.000651577100000000
-0.000640250900000000
-0.000622554500000000
-0.000597731200000000
-0.000566802400000000
-0.000534209900000000
-0.000507032200000000
-0.000484777300000000
-0.000464435700000000
-0.000444102600000000
-0.000422964000000000
-0.000401319000000000
-0.000380315100000000
-0.000360934600000000
-0.000343278000000000
-0.000327279700000000
-0.000312659100000000
-0.000298832900000000
-0.000285542600000000
-0.000273172200000000
-0.000261931400000000
-0.000251618800000000
-0.000241614600000000
-0.000231463200000000
-0.000221237400000000
-0.000211013000000000
-0.000200871200000000
-0.000191013400000000
-0.000181881300000000
-0.000174033700000000
-0.000167313800000000
-0.000161322800000000
-0.000155489900000000
-0.000149559400000000
-0.000143808500000000
-0.000138278900000000
-0.000132639800000000
-0.000126700000000000
-0.000120656900000000
-0.000114577800000000
-0.000108350900000000
-0.000101755000000000
-9.45781300000000e-05
-8.68958300000000e-05
-7.91911100000000e-05
-7.21433600000000e-05
-6.57115700000000e-05
-5.96531700000000e-05
-5.38223900000000e-05
-4.81305300000000e-05
-4.25670800000000e-05
-3.70552600000000e-05
-3.14605000000000e-05
-2.58974700000000e-05
-2.04946800000000e-05
-1.52409000000000e-05
-9.99530800000000e-06
-4.67443500000000e-06
6.76044100000000e-07
6.09552600000000e-06
1.16953400000000e-05
1.74619700000000e-05
2.32821300000000e-05
2.90634300000000e-05
3.47789800000000e-05
4.03634500000000e-05
4.57657700000000e-05
5.10491400000000e-05
5.62357400000000e-05
6.12890000000000e-05
6.61791900000000e-05
7.09489900000000e-05
7.56246100000000e-05
8.02067300000000e-05
8.46839300000000e-05
8.90514000000000e-05
9.33308900000000e-05
9.75401800000000e-05
0.000101691100000000
0.000105791900000000
0.000109848500000000
0.000113866200000000
0.000117850400000000
0.000121803600000000
0.000125727900000000
0.000129625500000000
0.000133497600000000
0.000137343000000000
0.000141161400000000
0.000144952500000000
0.000148716300000000
0.000152452600000000
0.000156161000000000
0.000159841200000000
0.000163492900000000
0.000167115700000000
0.000170709500000000